1	0
2	0
3	0
4	0
5	0
6	0
7	0
8	0
9	0
10	0
11	0
12	0
13	0
14	0
15	0
16	0
17	0
18	0
19	0
20	0
21	0
22	0
23	0
24	0
25	0
26	0
27	0
28	0
29	0
30	0
31	0
32	0
33	0
34	0
35	0
36	0
37	0
38	0
39	0
40	0
41	0
42	0
43	0
44	0
45	0
46	0
47	0
48	0
49	0
50	0
51	0
52	0
53	0
54	0
55	0
56	0
57	0
58	0
59	15
60	17
61	15
62	21
63	20
64	14
65	11
66	16
67	17
68	26
69	18
70	15
71	13
72	19
73	13
74	24
75	20
76	25
77	18
78	19
79	13
80	22
81	19
82	19
83	19
84	11
85	14
86	13
87	22
88	13
89	19
90	20
91	16
92	28
93	23
94	12
95	18
96	14
97	20
98	24
99	16
100	9
101	18
102	24
103	15
104	22
105	16
106	19
107	24
108	12
109	25
110	21
111	23
112	18
113	21
114	19
115	16
116	16
117	25
118	21
119	17
120	13
121	19
122	29
123	16
124	23
125	31
126	27
127	21
128	21
129	24
130	28
131	33
132	16
133	27
134	21
135	29
136	32
137	21
138	21
139	20
140	15
141	39
142	31
143	33
144	31
145	27
146	37
147	32
148	37
149	33
150	39
151	33
152	28
153	44
154	30
155	37
156	49
157	46
158	48
159	55
160	47
161	59
162	47
163	50
164	54
165	61
166	58
167	51
168	57
169	70
170	70
171	79
172	78
173	72
174	74
175	74
176	93
177	91
178	97
179	105
180	82
181	76
182	90
183	87
184	86
185	93
186	99
187	103
188	104
189	124
190	85
191	119
192	109
193	122
194	109
195	111
196	98
197	105
198	96
199	126
200	119
201	90
202	99
203	103
204	115
205	110
206	75
207	92
208	90
209	72
210	70
211	72
212	82
213	90
214	68
215	62
216	81
217	80
218	64
219	51
220	70
221	57
222	54
223	61
224	47
225	49
226	46
227	53
228	40
229	51
230	52
231	38
232	27
233	46
234	26
235	31
236	46
237	39
238	30
239	45
240	29
241	39
242	28
243	41
244	24
245	28
246	32
247	23
248	26
249	24
250	24
251	30
252	21
253	33
254	23
255	22
256	24
257	16
258	25
259	26
260	22
261	16
262	33
263	24
264	30
265	25
266	28
267	21
268	19
269	20
270	27
271	27
272	23
273	24
274	25
275	24
276	27
277	29
278	20
279	29
280	32
281	21
282	28
283	17
284	19
285	15
286	19
287	29
288	25
289	19
290	19
291	27
292	26
293	19
294	30
295	29
296	25
297	21
298	20
299	19
300	20
301	26
302	21
303	25
304	20
305	21
306	15
307	20
308	26
309	32
310	22
311	20
312	22
313	28
314	23
315	13
316	25
317	21
318	20
319	23
320	33
321	31
322	28
323	22
324	21
325	17
326	17
327	28
328	18
329	25
330	17
331	29
332	28
333	20
334	29
335	21
336	26
337	20
338	19
339	28
340	28
341	28
342	22
343	28
344	34
345	27
346	25
347	25
348	24
349	21
350	29
351	25
352	20
353	30
354	28
355	28
356	15
357	22
358	36
359	23
360	27
361	24
362	29
363	25
364	33
365	19
366	28
367	20
368	29
369	24
370	30
371	16
372	31
373	19
374	21
375	29
376	20
377	32
378	29
379	28
380	24
381	24
382	18
383	19
384	19
385	18
386	29
387	26
388	31
389	35
390	44
391	31
392	32
393	21
394	30
395	26
396	32
397	38
398	28
399	26
400	27
401	37
402	34
403	40
404	42
405	40
406	40
407	36
408	37
409	38
410	45
411	38
412	24
413	38
414	27
415	44
416	33
417	32
418	34
419	42
420	46
421	36
422	27
423	40
424	35
425	40
426	46
427	41
428	44
429	29
430	48
431	42
432	32
433	38
434	36
435	43
436	35
437	37
438	33
439	43
440	25
441	29
442	41
443	43
444	46
445	37
446	36
447	34
448	41
449	46
450	34
451	40
452	41
453	39
454	36
455	39
456	40
457	36
458	46
459	41
460	35
461	34
462	39
463	21
464	34
465	37
466	45
467	32
468	40
469	36
470	33
471	26
472	39
473	45
474	28
475	37
476	25
477	28
478	20
479	29
480	50
481	29
482	27
483	27
484	29
485	29
486	29
487	29
488	29
489	36
490	33
491	32
492	25
493	33
494	29
495	33
496	25
497	28
498	32
499	29
500	34
501	40
502	28
503	32
504	20
505	34
506	24
507	29
508	29
509	34
510	31
511	22
512	23
513	25
514	27
515	32
516	36
517	37
518	32
519	28
520	24
521	30
522	35
523	25
524	34
525	25
526	26
527	25
528	21
529	21
530	28
531	27
532	19
533	22
534	26
535	31
536	30
537	30
538	22
539	27
540	25
541	18
542	26
543	28
544	31
545	22
546	22
547	22
548	30
549	23
550	24
551	27
552	18
553	26
554	18
555	20
556	21
557	29
558	18
559	18
560	19
561	27
562	24
563	31
564	24
565	31
566	32
567	36
568	31
569	24
570	24
571	23
572	26
573	25
574	29
575	30
576	14
577	28
578	26
579	19
580	25
581	24
582	26
583	30
584	21
585	30
586	30
587	19
588	30
589	19
590	29
591	31
592	38
593	22
594	17
595	26
596	17
597	16
598	27
599	18
600	27
601	16
602	23
603	28
604	35
605	34
606	25
607	34
608	28
609	25
610	25
611	28
612	27
613	18
614	25
615	20
616	29
617	28
618	35
619	25
620	18
621	26
622	26
623	25
624	27
625	21
626	16
627	23
628	27
629	31
630	25
631	20
632	26
633	25
634	29
635	25
636	29
637	23
638	27
639	12
640	21
641	23
642	29
643	23
644	29
645	25
646	37
647	25
648	27
649	22
650	26
651	18
652	16
653	29
654	25
655	23
656	26
657	19
658	27
659	24
660	20
661	24
662	22
663	16
664	25
665	21
666	19
667	19
668	35
669	35
670	23
671	28
672	30
673	25
674	18
675	28
676	29
677	25
678	26
679	27
680	22
681	28
682	23
683	29
684	23
685	22
686	27
687	20
688	37
689	24
690	23
691	29
692	18
693	17
694	21
695	34
696	27
697	24
698	23
699	23
700	22
701	23
702	19
703	29
704	26
705	31
706	16
707	23
708	27
709	26
710	28
711	22
712	23
713	23
714	18
715	33
716	26
717	23
718	22
719	17
720	23
721	22
722	16
723	22
724	35
725	33
726	24
727	27
728	32
729	25
730	20
731	29
732	20
733	26
734	25
735	37
736	26
737	19
738	22
739	26
740	20
741	23
742	23
743	24
744	24
745	32
746	22
747	36
748	34
749	30
750	18
751	37
752	31
753	22
754	30
755	19
756	26
757	17
758	25
759	23
760	16
761	18
762	21
763	24
764	23
765	25
766	29
767	25
768	23
769	16
770	29
771	16
772	24
773	16
774	23
775	25
776	24
777	26
778	19
779	26
780	28
781	30
782	17
783	27
784	39
785	23
786	24
787	21
788	24
789	27
790	29
791	25
792	27
793	23
794	20
795	27
796	25
797	18
798	24
799	29
800	18
801	22
802	25
803	17
804	28
805	19
806	29
807	23
808	30
809	17
810	22
811	16
812	20
813	24
814	22
815	39
816	22
817	22
818	18
819	21
820	32
821	20
822	28
823	26
824	29
825	32
826	23
827	27
828	21
829	31
830	33
831	19
832	21
833	25
834	18
835	24
836	26
837	29
838	23
839	38
840	33
841	25
842	29
843	23
844	19
845	31
846	23
847	26
848	27
849	13
850	27
851	28
852	21
853	24
854	25
855	26
856	20
857	17
858	37
859	26
860	29
861	30
862	29
863	24
864	24
865	28
866	19
867	15
868	23
869	26
870	27
871	27
872	21
873	28
874	27
875	15
876	28
877	24
878	25
879	27
880	17
881	36
882	25
883	33
884	30
885	24
886	31
887	30
888	25
889	21
890	22
891	23
892	26
893	20
894	23
895	29
896	28
897	26
898	19
899	27
900	27
901	31
902	25
903	42
904	30
905	36
906	22
907	35
908	27
909	28
910	24
911	19
912	26
913	28
914	34
915	35
916	25
917	25
918	28
919	32
920	29
921	27
922	17
923	30
924	29
925	27
926	27
927	30
928	29
929	37
930	26
931	30
932	24
933	23
934	35
935	24
936	26
937	21
938	25
939	30
940	30
941	33
942	35
943	35
944	29
945	24
946	23
947	17
948	24
949	25
950	25
951	37
952	31
953	21
954	32
955	28
956	32
957	27
958	17
959	25
960	41
961	32
962	26
963	27
964	38
965	28
966	20
967	36
968	24
969	34
970	25
971	27
972	20
973	37
974	35
975	30
976	31
977	30
978	39
979	32
980	24
981	16
982	26
983	25
984	28
985	38
986	30
987	31
988	28
989	35
990	27
991	20
992	29
993	32
994	35
995	37
996	21
997	31
998	21
999	25
1000	28
1001	37
1002	38
1003	26
1004	25
1005	28
1006	30
1007	31
1008	28
1009	27
1010	30
1011	29
1012	33
1013	29
1014	32
1015	36
1016	39
1017	39
1018	31
1019	30
1020	29
1021	30
1022	21
1023	18
1024	30
1025	36
1026	27
1027	32
1028	29
1029	29
1030	32
1031	37
1032	26
1033	26
1034	32
1035	27
1036	33
1037	39
1038	26
1039	29
1040	34
1041	27
1042	36
1043	36
1044	30
1045	23
1046	31
1047	26
1048	29
1049	36
1050	29
1051	30
1052	41
1053	42
1054	25
1055	21
1056	25
1057	33
1058	24
1059	41
1060	27
1061	30
1062	30
1063	32
1064	36
1065	32
1066	22
1067	34
1068	28
1069	34
1070	28
1071	36
1072	21
1073	32
1074	34
1075	30
1076	30
1077	26
1078	33
1079	31
1080	28
1081	33
1082	34
1083	29
1084	33
1085	39
1086	23
1087	27
1088	28
1089	31
1090	26
1091	32
1092	29
1093	33
1094	41
1095	35
1096	27
1097	33
1098	26
1099	27
1100	37
1101	22
1102	28
1103	27
1104	42
1105	39
1106	34
1107	27
1108	26
1109	30
1110	29
1111	31
1112	37
1113	30
1114	30
1115	31
1116	28
1117	21
1118	30
1119	24
1120	34
1121	29
1122	21
1123	25
1124	22
1125	29
1126	25
1127	27
1128	37
1129	26
1130	31
1131	35
1132	30
1133	24
1134	31
1135	40
1136	36
1137	25
1138	38
1139	45
1140	38
1141	35
1142	23
1143	22
1144	37
1145	30
1146	32
1147	27
1148	26
1149	26
1150	23
1151	23
1152	24
1153	31
1154	32
1155	32
1156	22
1157	33
1158	25
1159	33
1160	33
1161	21
1162	28
1163	32
1164	33
1165	32
1166	25
1167	34
1168	34
1169	33
1170	27
1171	32
1172	29
1173	29
1174	21
1175	27
1176	38
1177	22
1178	22
1179	29
1180	20
1181	24
1182	29
1183	27
1184	44
1185	31
1186	38
1187	29
1188	29
1189	22
1190	21
1191	30
1192	35
1193	36
1194	28
1195	23
1196	18
1197	23
1198	25
1199	28
1200	26
1201	28
1202	33
1203	30
1204	37
1205	22
1206	28
1207	32
1208	29
1209	36
1210	31
1211	31
1212	30
1213	25
1214	26
1215	38
1216	28
1217	34
1218	24
1219	33
1220	23
1221	31
1222	37
1223	37
1224	26
1225	26
1226	28
1227	29
1228	27
1229	32
1230	39
1231	28
1232	31
1233	27
1234	21
1235	26
1236	24
1237	24
1238	29
1239	15
1240	32
1241	26
1242	39
1243	27
1244	30
1245	26
1246	24
1247	20
1248	27
1249	23
1250	20
1251	24
1252	24
1253	26
1254	15
1255	29
1256	29
1257	29
1258	21
1259	20
1260	29
1261	31
1262	21
1263	29
1264	31
1265	27
1266	35
1267	27
1268	22
1269	30
1270	23
1271	32
1272	30
1273	27
1274	13
1275	19
1276	30
1277	30
1278	30
1279	32
1280	32
1281	25
1282	28
1283	22
1284	21
1285	25
1286	31
1287	19
1288	30
1289	29
1290	31
1291	30
1292	21
1293	22
1294	31
1295	25
1296	18
1297	27
1298	24
1299	27
1300	30
1301	27
1302	33
1303	27
1304	27
1305	25
1306	25
1307	20
1308	33
1309	39
1310	27
1311	14
1312	27
1313	23
1314	36
1315	29
1316	28
1317	28
1318	24
1319	16
1320	22
1321	25
1322	24
1323	28
1324	24
1325	21
1326	24
1327	21
1328	25
1329	25
1330	25
1331	25
1332	25
1333	26
1334	34
1335	25
1336	32
1337	17
1338	30
1339	33
1340	19
1341	30
1342	24
1343	24
1344	24
1345	30
1346	20
1347	28
1348	20
1349	28
1350	21
1351	28
1352	15
1353	21
1354	30
1355	24
1356	25
1357	29
1358	31
1359	19
1360	23
1361	22
1362	22
1363	18
1364	20
1365	30
1366	28
1367	28
1368	16
1369	22
1370	24
1371	27
1372	23
1373	29
1374	30
1375	17
1376	16
1377	20
1378	22
1379	24
1380	32
1381	21
1382	29
1383	22
1384	19
1385	36
1386	26
1387	22
1388	32
1389	25
1390	16
1391	20
1392	17
1393	17
1394	18
1395	24
1396	29
1397	30
1398	16
1399	21
1400	28
1401	25
1402	34
1403	19
1404	23
1405	22
1406	23
1407	21
1408	22
1409	30
1410	16
1411	28
1412	24
1413	23
1414	22
1415	19
1416	26
1417	20
1418	24
1419	20
1420	27
1421	19
1422	31
1423	24
1424	21
1425	32
1426	36
1427	21
1428	22
1429	18
1430	12
1431	18
1432	29
1433	14
1434	19
1435	30
1436	19
1437	28
1438	20
1439	12
1440	31
1441	24
1442	21
1443	28
1444	27
1445	22
1446	26
1447	33
1448	30
1449	17
1450	35
1451	30
1452	19
1453	28
1454	26
1455	18
1456	25
1457	18
1458	23
1459	12
1460	22
1461	33
1462	27
1463	23
1464	22
1465	31
1466	16
1467	24
1468	23
1469	17
1470	15
1471	20
1472	20
1473	19
1474	18
1475	24
1476	22
1477	21
1478	26
1479	17
1480	26
1481	26
1482	8
1483	25
1484	23
1485	16
1486	20
1487	27
1488	23
1489	22
1490	20
1491	19
1492	24
1493	26
1494	22
1495	24
1496	31
1497	26
1498	27
1499	21
1500	25
1501	21
1502	21
1503	13
1504	29
1505	22
1506	30
1507	26
1508	27
1509	18
1510	17
1511	27
1512	29
1513	17
1514	23
1515	19
1516	24
1517	26
1518	29
1519	29
1520	16
1521	22
1522	36
1523	21
1524	25
1525	24
1526	28
1527	23
1528	28
1529	21
1530	20
1531	18
1532	13
1533	16
1534	21
1535	26
1536	23
1537	23
1538	29
1539	25
1540	21
1541	28
1542	22
1543	24
1544	19
1545	14
1546	21
1547	20
1548	18
1549	27
1550	16
1551	18
1552	27
1553	13
1554	29
1555	24
1556	28
1557	21
1558	21
1559	33
1560	24
1561	31
1562	20
1563	25
1564	15
1565	30
1566	26
1567	28
1568	15
1569	25
1570	19
1571	26
1572	19
1573	18
1574	22
1575	27
1576	20
1577	13
1578	27
1579	21
1580	24
1581	20
1582	26
1583	19
1584	22
1585	27
1586	24
1587	24
1588	26
1589	21
1590	24
1591	20
1592	18
1593	30
1594	16
1595	28
1596	19
1597	24
1598	29
1599	19
1600	26
1601	20
1602	17
1603	26
1604	14
1605	17
1606	17
1607	18
1608	22
1609	27
1610	23
1611	15
1612	27
1613	16
1614	20
1615	20
1616	19
1617	25
1618	18
1619	22
1620	19
1621	26
1622	20
1623	15
1624	25
1625	14
1626	19
1627	19
1628	16
1629	25
1630	25
1631	15
1632	31
1633	28
1634	28
1635	21
1636	20
1637	20
1638	21
1639	19
1640	16
1641	16
1642	22
1643	24
1644	27
1645	25
1646	20
1647	14
1648	21
1649	21
1650	18
1651	24
1652	30
1653	23
1654	14
1655	20
1656	21
1657	14
1658	30
1659	24
1660	25
1661	22
1662	24
1663	26
1664	21
1665	24
1666	17
1667	27
1668	20
1669	26
1670	17
1671	28
1672	24
1673	27
1674	23
1675	24
1676	28
1677	21
1678	24
1679	16
1680	22
1681	23
1682	14
1683	14
1684	26
1685	24
1686	21
1687	18
1688	25
1689	19
1690	14
1691	28
1692	27
1693	22
1694	23
1695	24
1696	21
1697	22
1698	23
1699	23
1700	23
1701	18
1702	19
1703	22
1704	32
1705	27
1706	19
1707	13
1708	23
1709	26
1710	19
1711	22
1712	26
1713	31
1714	19
1715	18
1716	21
1717	26
1718	11
1719	19
1720	23
1721	28
1722	19
1723	20
1724	37
1725	25
1726	28
1727	22
1728	18
1729	26
1730	21
1731	20
1732	27
1733	26
1734	23
1735	20
1736	22
1737	21
1738	13
1739	21
1740	22
1741	22
1742	22
1743	17
1744	24
1745	21
1746	23
1747	17
1748	21
1749	15
1750	31
1751	17
1752	20
1753	18
1754	19
1755	23
1756	24
1757	31
1758	19
1759	19
1760	21
1761	26
1762	23
1763	28
1764	20
1765	20
1766	15
1767	25
1768	23
1769	22
1770	21
1771	20
1772	22
1773	24
1774	29
1775	32
1776	17
1777	11
1778	25
1779	22
1780	27
1781	29
1782	12
1783	26
1784	39
1785	20
1786	25
1787	18
1788	28
1789	12
1790	11
1791	12
1792	22
1793	28
1794	25
1795	23
1796	27
1797	23
1798	24
1799	37
1800	21
1801	21
1802	33
1803	16
1804	21
1805	30
1806	30
1807	20
1808	19
1809	25
1810	28
1811	21
1812	21
1813	30
1814	19
1815	24
1816	23
1817	19
1818	25
1819	28
1820	23
1821	22
1822	23
1823	27
1824	28
1825	22
1826	22
1827	13
1828	24
1829	18
1830	23
1831	32
1832	21
1833	19
1834	18
1835	26
1836	18
1837	24
1838	17
1839	10
1840	20
1841	17
1842	14
1843	24
1844	20
1845	23
1846	22
1847	19
1848	21
1849	25
1850	24
1851	25
1852	26
1853	28
1854	22
1855	12
1856	26
1857	18
1858	17
1859	24
1860	17
1861	27
1862	23
1863	16
1864	24
1865	24
1866	29
1867	17
1868	13
1869	22
1870	18
1871	26
1872	35
1873	24
1874	16
1875	21
1876	30
1877	25
1878	17
1879	16
1880	22
1881	17
1882	17
1883	21
1884	18
1885	23
1886	24
1887	21
1888	24
1889	19
1890	22
1891	19
1892	28
1893	18
1894	28
1895	26
1896	19
1897	21
1898	26
1899	23
1900	16
1901	13
1902	25
1903	28
1904	22
1905	15
1906	15
1907	16
1908	19
1909	27
1910	24
1911	31
1912	23
1913	27
1914	20
1915	25
1916	19
1917	18
1918	22
1919	11
1920	17
1921	22
1922	22
1923	23
1924	25
1925	16
1926	24
1927	24
1928	27
1929	23
1930	25
1931	22
1932	15
1933	25
1934	25
1935	14
1936	23
1937	26
1938	16
1939	25
1940	21
1941	21
1942	24
1943	16
1944	24
1945	24
1946	21
1947	22
1948	28
1949	16
1950	22
1951	19
1952	23
1953	18
1954	25
1955	16
1956	26
1957	14
1958	25
1959	22
1960	14
1961	21
1962	19
1963	21
1964	22
1965	22
1966	28
1967	26
1968	17
1969	23
1970	16
1971	24
1972	20
1973	24
1974	32
1975	32
1976	23
1977	14
1978	24
1979	22
1980	16
1981	22
1982	31
1983	22
1984	26
1985	20
1986	34
1987	21
1988	16
1989	32
1990	23
1991	20
1992	19
1993	23
1994	28
1995	25
1996	21
1997	16
1998	21
1999	20
2000	16
2001	28
2002	26
2003	22
2004	31
2005	27
2006	26
2007	22
2008	21
2009	16
2010	23
2011	15
2012	25
2013	28
2014	18
2015	23
2016	21
2017	16
2018	20
2019	20
2020	25
2021	18
2022	19
2023	13
2024	28
2025	17
2026	25
2027	16
2028	18
2029	22
2030	19
2031	21
2032	21
2033	22
2034	24
2035	23
2036	27
2037	18
2038	17
2039	22
2040	22
2041	22
2042	23
2043	25
2044	27
2045	25
2046	20
2047	21
2048	18
2049	22
2050	14
2051	24
2052	21
2053	30
2054	22
2055	31
2056	20
2057	22
2058	14
2059	31
2060	19
2061	19
2062	23
2063	21
2064	29
2065	23
2066	21
2067	22
2068	27
2069	22
2070	26
2071	21
2072	22
2073	22
2074	22
2075	23
2076	26
2077	29
2078	25
2079	24
2080	20
2081	30
2082	14
2083	27
2084	25
2085	21
2086	24
2087	16
2088	20
2089	24
2090	25
2091	20
2092	30
2093	24
2094	26
2095	26
2096	21
2097	28
2098	21
2099	24
2100	29
2101	23
2102	17
2103	26
2104	21
2105	24
2106	21
2107	25
2108	21
2109	25
2110	33
2111	25
2112	25
2113	24
2114	25
2115	24
2116	20
2117	20
2118	19
2119	28
2120	21
2121	31
2122	21
2123	28
2124	26
2125	20
2126	17
2127	17
2128	22
2129	28
2130	23
2131	25
2132	19
2133	22
2134	19
2135	16
2136	34
2137	21
2138	23
2139	31
2140	19
2141	30
2142	23
2143	24
2144	22
2145	16
2146	29
2147	20
2148	15
2149	19
2150	26
2151	16
2152	19
2153	31
2154	22
2155	22
2156	27
2157	19
2158	18
2159	19
2160	16
2161	18
2162	18
2163	22
2164	24
2165	23
2166	29
2167	25
2168	24
2169	27
2170	25
2171	23
2172	17
2173	24
2174	25
2175	19
2176	21
2177	16
2178	28
2179	27
2180	22
2181	22
2182	26
2183	17
2184	24
2185	19
2186	27
2187	27
2188	29
2189	26
2190	21
2191	22
2192	21
2193	25
2194	30
2195	23
2196	18
2197	28
2198	21
2199	18
2200	24
2201	24
2202	26
2203	25
2204	26
2205	22
2206	18
2207	19
2208	27
2209	25
2210	22
2211	22
2212	19
2213	19
2214	21
2215	11
2216	28
2217	30
2218	35
2219	17
2220	20
2221	23
2222	19
2223	35
2224	20
2225	17
2226	27
2227	22
2228	26
2229	20
2230	16
2231	29
2232	31
2233	12
2234	23
2235	23
2236	18
2237	23
2238	24
2239	27
2240	24
2241	23
2242	18
2243	30
2244	24
2245	24
2246	21
2247	27
2248	20
2249	24
2250	21
2251	15
2252	20
2253	18
2254	25
2255	18
2256	20
2257	31
2258	24
2259	19
2260	26
2261	28
2262	21
2263	20
2264	20
2265	22
2266	25
2267	29
2268	27
2269	17
2270	18
2271	19
2272	19
2273	21
2274	18
2275	18
2276	25
2277	25
2278	25
2279	26
2280	29
2281	24
2282	26
2283	19
2284	24
2285	17
2286	18
2287	16
2288	19
2289	23
2290	17
2291	18
2292	18
2293	15
2294	18
2295	13
2296	20
2297	22
2298	20
2299	26
2300	14
2301	26
2302	23
2303	18
2304	21
2305	17
2306	19
2307	14
2308	22
2309	22
2310	19
2311	14
2312	17
2313	16
2314	20
2315	13
2316	14
2317	18
2318	27
2319	20
2320	17
2321	27
2322	18
2323	21
2324	16
2325	15
2326	20
2327	18
2328	17
2329	17
2330	8
2331	23
2332	21
2333	20
2334	21
2335	20
2336	16
2337	19
2338	14
2339	22
2340	15
2341	19
2342	22
2343	24
2344	13
2345	16
2346	22
2347	17
2348	22
2349	16
2350	8
2351	21
2352	21
2353	25
2354	20
2355	16
2356	17
2357	21
2358	19
2359	27
2360	13
2361	20
2362	17
2363	15
2364	15
2365	17
2366	11
2367	20
2368	13
2369	9
2370	17
2371	19
2372	17
2373	21
2374	11
2375	20
2376	24
2377	15
2378	20
2379	17
2380	12
2381	17
2382	13
2383	9
2384	17
2385	15
2386	25
2387	18
2388	18
2389	15
2390	12
2391	17
2392	12
2393	22
2394	18
2395	11
2396	13
2397	11
2398	13
2399	16
2400	13
2401	17
2402	14
2403	20
2404	18
2405	11
2406	12
2407	11
2408	10
2409	15
2410	15
2411	11
2412	17
2413	9
2414	16
2415	11
2416	13
2417	10
2418	20
2419	14
2420	10
2421	14
2422	11
2423	15
2424	13
2425	11
2426	15
2427	19
2428	10
2429	14
2430	10
2431	12
2432	19
2433	10
2434	8
2435	20
2436	13
2437	13
2438	9
2439	11
2440	13
2441	13
2442	12
2443	14
2444	12
2445	9
2446	9
2447	19
2448	19
2449	20
2450	7
2451	12
2452	18
2453	9
2454	15
2455	9
2456	15
2457	15
2458	18
2459	16
2460	9
2461	10
2462	8
2463	9
2464	6
2465	8
2466	14
2467	11
2468	12
2469	7
2470	9
2471	12
2472	12
2473	11
2474	8
2475	11
2476	12
2477	13
2478	9
2479	11
2480	17
2481	6
2482	10
2483	15
2484	8
2485	13
2486	9
2487	4
2488	11
2489	5
2490	12
2491	14
2492	9
2493	8
2494	5
2495	9
2496	11
2497	10
2498	10
2499	12
2500	13
2501	9
2502	9
2503	8
2504	6
2505	12
2506	7
2507	16
2508	10
2509	10
2510	9
2511	10
2512	11
2513	13
2514	5
2515	7
2516	6
2517	8
2518	13
2519	14
2520	10
2521	8
2522	8
2523	9
2524	8
2525	6
2526	9
2527	14
2528	4
2529	16
2530	8
2531	14
2532	12
2533	7
2534	8
2535	7
2536	10
2537	12
2538	12
2539	10
2540	6
2541	5
2542	14
2543	9
2544	4
2545	16
2546	4
2547	7
2548	12
2549	5
2550	7
2551	4
2552	9
2553	12
2554	16
2555	7
2556	5
2557	11
2558	9
2559	15
2560	6
2561	10
2562	6
2563	5
2564	7
2565	8
2566	10
2567	13
2568	6
2569	6
2570	8
2571	5
2572	10
2573	9
2574	12
2575	6
2576	14
2577	10
2578	4
2579	5
2580	7
2581	6
2582	7
2583	5
2584	11
2585	5
2586	7
2587	6
2588	8
2589	9
2590	9
2591	8
2592	7
2593	12
2594	9
2595	8
2596	10
2597	10
2598	4
2599	5
2600	3
2601	11
2602	5
2603	11
2604	5
2605	6
2606	4
2607	5
2608	9
2609	12
2610	9
2611	4
2612	7
2613	4
2614	10
2615	9
2616	9
2617	4
2618	8
2619	5
2620	10
2621	4
2622	9
2623	9
2624	7
2625	7
2626	4
2627	6
2628	5
2629	7
2630	10
2631	5
2632	3
2633	13
2634	8
2635	7
2636	8
2637	9
2638	2
2639	8
2640	8
2641	7
2642	5
2643	10
2644	7
2645	11
2646	8
2647	6
2648	9
2649	4
2650	7
2651	5
2652	6
2653	10
2654	5
2655	4
2656	8
2657	7
2658	12
2659	9
2660	9
2661	5
2662	4
2663	4
2664	7
2665	12
2666	6
2667	12
2668	6
2669	9
2670	6
2671	4
2672	8
2673	4
2674	8
2675	7
2676	4
2677	4
2678	9
2679	9
2680	5
2681	2
2682	11
2683	3
2684	8
2685	10
2686	4
2687	6
2688	5
2689	4
2690	5
2691	8
2692	7
2693	8
2694	3
2695	7
2696	6
2697	4
2698	4
2699	6
2700	4
2701	4
2702	5
2703	7
2704	8
2705	9
2706	4
2707	7
2708	3
2709	5
2710	10
2711	7
2712	7
2713	5
2714	10
2715	2
2716	8
2717	11
2718	6
2719	2
2720	7
2721	5
2722	8
2723	6
2724	5
2725	5
2726	13
2727	7
2728	5
2729	6
2730	9
2731	7
2732	4
2733	8
2734	9
2735	3
2736	8
2737	8
2738	4
2739	9
2740	5
2741	1
2742	3
2743	5
2744	10
2745	8
2746	8
2747	5
2748	5
2749	5
2750	8
2751	8
2752	12
2753	6
2754	6
2755	1
2756	8
2757	4
2758	5
2759	7
2760	9
2761	3
2762	4
2763	6
2764	7
2765	5
2766	4
2767	9
2768	10
2769	7
2770	8
2771	8
2772	2
2773	4
2774	6
2775	10
2776	4
2777	9
2778	6
2779	6
2780	4
2781	7
2782	5
2783	0
2784	3
2785	8
2786	6
2787	1
2788	7
2789	8
2790	12
2791	6
2792	7
2793	7
2794	7
2795	9
2796	2
2797	6
2798	3
2799	9
2800	8
2801	5
2802	4
2803	10
2804	5
2805	3
2806	3
2807	5
2808	5
2809	6
2810	6
2811	4
2812	2
2813	8
2814	6
2815	4
2816	4
2817	3
2818	7
2819	6
2820	12
2821	5
2822	3
2823	2
2824	9
2825	4
2826	5
2827	3
2828	7
2829	8
2830	9
2831	6
2832	8
2833	7
2834	10
2835	7
2836	5
2837	5
2838	4
2839	8
2840	7
2841	7
2842	10
2843	2
2844	5
2845	7
2846	7
2847	6
2848	6
2849	6
2850	5
2851	4
2852	3
2853	4
2854	4
2855	4
2856	7
2857	3
2858	6
2859	6
2860	8
2861	3
2862	5
2863	8
2864	8
2865	9
2866	5
2867	4
2868	3
2869	5
2870	7
2871	6
2872	6
2873	5
2874	4
2875	6
2876	5
2877	5
2878	3
2879	8
2880	5
2881	6
2882	6
2883	6
2884	2
2885	12
2886	9
2887	2
2888	5
2889	8
2890	2
2891	6
2892	6
2893	4
2894	3
2895	6
2896	4
2897	8
2898	6
2899	9
2900	1
2901	3
2902	5
2903	2
2904	7
2905	4
2906	2
2907	4
2908	8
2909	6
2910	3
2911	9
2912	5
2913	2
2914	7
2915	3
2916	5
2917	10
2918	5
2919	8
2920	4
2921	4
2922	4
2923	7
2924	7
2925	3
2926	10
2927	5
2928	7
2929	13
2930	5
2931	5
2932	5
2933	4
2934	6
2935	8
2936	5
2937	9
2938	5
2939	8
2940	6
2941	3
2942	2
2943	4
2944	7
2945	2
2946	7
2947	6
2948	6
2949	7
2950	1
2951	2
2952	4
2953	11
2954	5
2955	6
2956	6
2957	5
2958	4
2959	7
2960	4
2961	3
2962	5
2963	3
2964	4
2965	5
2966	3
2967	2
2968	4
2969	8
2970	8
2971	6
2972	4
2973	4
2974	7
2975	8
2976	4
2977	3
2978	4
2979	3
2980	10
2981	6
2982	6
2983	5
2984	8
2985	5
2986	6
2987	3
2988	4
2989	3
2990	3
2991	7
2992	3
2993	5
2994	8
2995	4
2996	8
2997	8
2998	7
2999	5
3000	8
3001	13
3002	9
3003	10
3004	4
3005	6
3006	9
3007	4
3008	4
3009	3
3010	7
3011	2
3012	7
3013	5
3014	5
3015	7
3016	6
3017	7
3018	7
3019	6
3020	7
3021	10
3022	6
3023	9
3024	5
3025	7
3026	5
3027	6
3028	3
3029	11
3030	12
3031	5
3032	5
3033	6
3034	8
3035	6
3036	8
3037	7
3038	7
3039	10
3040	4
3041	7
3042	8
3043	8
3044	6
3045	7
3046	6
3047	6
3048	6
3049	10
3050	16
3051	9
3052	6
3053	12
3054	8
3055	6
3056	6
3057	7
3058	9
3059	8
3060	7
3061	8
3062	5
3063	8
3064	7
3065	8
3066	6
3067	8
3068	11
3069	14
3070	5
3071	13
3072	19
3073	10
3074	11
3075	10
3076	8
3077	9
3078	12
3079	11
3080	10
3081	9
3082	8
3083	13
3084	11
3085	16
3086	9
3087	12
3088	8
3089	20
3090	16
3091	8
3092	12
3093	9
3094	12
3095	20
3096	10
3097	12
3098	13
3099	7
3100	14
3101	15
3102	13
3103	19
3104	11
3105	16
3106	8
3107	14
3108	9
3109	13
3110	10
3111	14
3112	14
3113	11
3114	12
3115	8
3116	11
3117	17
3118	16
3119	15
3120	16
3121	11
3122	23
3123	18
3124	13
3125	14
3126	17
3127	17
3128	19
3129	15
3130	11
3131	16
3132	12
3133	16
3134	13
3135	15
3136	19
3137	22
3138	14
3139	14
3140	16
3141	16
3142	26
3143	13
3144	22
3145	17
3146	19
3147	24
3148	25
3149	14
3150	22
3151	20
3152	25
3153	19
3154	17
3155	14
3156	13
3157	16
3158	21
3159	20
3160	25
3161	20
3162	36
3163	24
3164	21
3165	31
3166	28
3167	23
3168	23
3169	21
3170	22
3171	30
3172	20
3173	19
3174	34
3175	32
3176	26
3177	31
3178	34
3179	31
3180	32
3181	13
3182	30
3183	34
3184	30
3185	27
3186	35
3187	22
3188	39
3189	27
3190	26
3191	31
3192	26
3193	27
3194	25
3195	34
3196	33
3197	24
3198	36
3199	31
3200	24
3201	35
3202	47
3203	44
3204	24
3205	37
3206	31
3207	45
3208	36
3209	39
3210	31
3211	43
3212	35
3213	39
3214	42
3215	35
3216	36
3217	50
3218	41
3219	42
3220	43
3221	39
3222	41
3223	31
3224	40
3225	41
3226	36
3227	31
3228	35
3229	36
3230	43
3231	47
3232	41
3233	42
3234	37
3235	41
3236	39
3237	33
3238	41
3239	50
3240	45
3241	45
3242	40
3243	46
3244	36
3245	53
3246	43
3247	41
3248	58
3249	52
3250	49
3251	49
3252	52
3253	47
3254	51
3255	60
3256	55
3257	49
3258	60
3259	48
3260	60
3261	72
3262	46
3263	49
3264	54
3265	56
3266	56
3267	52
3268	52
3269	51
3270	52
3271	47
3272	52
3273	60
3274	57
3275	44
3276	57
3277	53
3278	62
3279	76
3280	60
3281	70
3282	56
3283	70
3284	77
3285	58
3286	62
3287	50
3288	59
3289	61
3290	62
3291	52
3292	55
3293	72
3294	56
3295	75
3296	57
3297	63
3298	69
3299	65
3300	68
3301	70
3302	74
3303	66
3304	81
3305	68
3306	75
3307	76
3308	63
3309	70
3310	60
3311	69
3312	68
3313	76
3314	80
3315	57
3316	74
3317	68
3318	70
3319	67
3320	79
3321	66
3322	81
3323	72
3324	74
3325	90
3326	61
3327	65
3328	59
3329	54
3330	77
3331	73
3332	72
3333	80
3334	76
3335	82
3336	81
3337	65
3338	72
3339	85
3340	74
3341	64
3342	89
3343	79
3344	69
3345	81
3346	78
3347	71
3348	73
3349	91
3350	65
3351	72
3352	67
3353	95
3354	81
3355	79
3356	79
3357	88
3358	86
3359	78
3360	76
3361	83
3362	84
3363	85
3364	89
3365	67
3366	88
3367	85
3368	89
3369	69
3370	85
3371	97
3372	73
3373	88
3374	91
3375	72
3376	82
3377	80
3378	88
3379	81
3380	67
3381	85
3382	65
3383	82
3384	97
3385	100
3386	84
3387	80
3388	69
3389	78
3390	74
3391	87
3392	80
3393	89
3394	80
3395	81
3396	66
3397	81
3398	76
3399	92
3400	74
3401	76
3402	91
3403	77
3404	96
3405	86
3406	62
3407	81
3408	89
3409	82
3410	88
3411	76
3412	78
3413	83
3414	65
3415	70
3416	91
3417	72
3418	76
3419	87
3420	69
3421	88
3422	84
3423	69
3424	63
3425	84
3426	71
3427	77
3428	89
3429	67
3430	87
3431	73
3432	86
3433	88
3434	80
3435	81
3436	72
3437	74
3438	69
3439	73
3440	80
3441	74
3442	69
3443	81
3444	80
3445	66
3446	75
3447	82
3448	78
3449	65
3450	74
3451	76
3452	66
3453	64
3454	68
3455	86
3456	62
3457	72
3458	76
3459	80
3460	66
3461	65
3462	54
3463	58
3464	60
3465	67
3466	68
3467	72
3468	53
3469	69
3470	64
3471	59
3472	64
3473	66
3474	75
3475	75
3476	66
3477	71
3478	68
3479	64
3480	65
3481	61
3482	73
3483	73
3484	65
3485	55
3486	61
3487	66
3488	61
3489	60
3490	66
3491	63
3492	61
3493	67
3494	48
3495	64
3496	71
3497	62
3498	63
3499	51
3500	58
3501	52
3502	59
3503	58
3504	59
3505	50
3506	55
3507	58
3508	57
3509	63
3510	49
3511	38
3512	48
3513	51
3514	51
3515	53
3516	64
3517	44
3518	48
3519	61
3520	51
3521	54
3522	42
3523	50
3524	49
3525	52
3526	50
3527	38
3528	43
3529	48
3530	44
3531	45
3532	43
3533	37
3534	49
3535	44
3536	49
3537	50
3538	44
3539	49
3540	46
3541	50
3542	37
3543	53
3544	34
3545	49
3546	34
3547	43
3548	29
3549	42
3550	46
3551	45
3552	39
3553	35
3554	35
3555	51
3556	28
3557	42
3558	31
3559	42
3560	31
3561	39
3562	35
3563	41
3564	33
3565	29
3566	39
3567	40
3568	32
3569	39
3570	29
3571	30
3572	37
3573	22
3574	40
3575	29
3576	29
3577	28
3578	34
3579	19
3580	31
3581	25
3582	28
3583	37
3584	27
3585	25
3586	31
3587	21
3588	31
3589	18
3590	18
3591	28
3592	32
3593	22
3594	20
3595	14
3596	23
3597	25
3598	24
3599	29
3600	25
3601	23
3602	23
3603	22
3604	23
3605	19
3606	20
3607	15
3608	28
3609	23
3610	28
3611	27
3612	23
3613	16
3614	23
3615	18
3616	22
3617	17
3618	10
3619	22
3620	18
3621	25
3622	27
3623	12
3624	23
3625	15
3626	18
3627	17
3628	11
3629	16
3630	15
3631	15
3632	26
3633	19
3634	15
3635	8
3636	13
3637	16
3638	17
3639	10
3640	19
3641	19
3642	14
3643	20
3644	9
3645	17
3646	19
3647	17
3648	7
3649	10
3650	8
3651	13
3652	14
3653	12
3654	13
3655	11
3656	8
3657	11
3658	16
3659	6
3660	7
3661	13
3662	9
3663	10
3664	8
3665	10
3666	16
3667	9
3668	6
3669	6
3670	5
3671	9
3672	10
3673	10
3674	14
3675	8
3676	4
3677	8
3678	7
3679	8
3680	13
3681	5
3682	5
3683	10
3684	8
3685	8
3686	9
3687	9
3688	7
3689	4
3690	8
3691	4
3692	2
3693	2
3694	6
3695	2
3696	12
3697	5
3698	10
3699	7
3700	8
3701	7
3702	4
3703	4
3704	3
3705	7
3706	6
3707	4
3708	4
3709	7
3710	9
3711	3
3712	6
3713	6
3714	0
3715	2
3716	5
3717	1
3718	4
3719	4
3720	5
3721	3
3722	2
3723	4
3724	5
3725	1
3726	1
3727	1
3728	2
3729	3
3730	1
3731	4
3732	2
3733	0
3734	2
3735	1
3736	3
3737	4
3738	0
3739	4
3740	1
3741	5
3742	5
3743	3
3744	2
3745	2
3746	1
3747	1
3748	2
3749	2
3750	1
3751	5
3752	2
3753	2
3754	5
3755	2
3756	4
3757	2
3758	2
3759	0
3760	1
3761	2
3762	2
3763	2
3764	4
3765	0
3766	1
3767	2
3768	2
3769	0
3770	1
3771	2
3772	2
3773	1
3774	1
3775	2
3776	0
3777	2
3778	1
3779	2
3780	1
3781	1
3782	0
3783	1
3784	1
3785	0
3786	3
3787	2
3788	1
3789	2
3790	2
3791	2
3792	1
3793	3
3794	1
3795	0
3796	0
3797	0
3798	0
3799	0
3800	0
3801	0
3802	0
3803	1
3804	1
3805	1
3806	2
3807	1
3808	2
3809	2
3810	0
3811	0
3812	0
3813	1
3814	0
3815	1
3816	1
3817	0
3818	1
3819	1
3820	0
3821	0
3822	1
3823	0
3824	1
3825	0
3826	3
3827	1
3828	2
3829	0
3830	2
3831	0
3832	0
3833	0
3834	1
3835	0
3836	0
3837	0
3838	0
3839	1
3840	0
3841	0
3842	0
3843	1
3844	0
3845	1
3846	0
3847	0
3848	1
3849	1
3850	0
3851	0
3852	0
3853	0
3854	1
3855	1
3856	2
3857	1
3858	1
3859	1
3860	0
3861	1
3862	0
3863	0
3864	0
3865	2
3866	1
3867	0
3868	0
3869	0
3870	0
3871	0
3872	0
3873	1
3874	0
3875	0
3876	2
3877	0
3878	1
3879	0
3880	0
3881	0
3882	0
3883	1
3884	0
3885	0
3886	0
3887	0
3888	0
3889	0
3890	1
3891	0
3892	0
3893	2
3894	0
3895	1
3896	1
3897	0
3898	2
3899	0
3900	1
3901	0
3902	0
3903	0
3904	0
3905	0
3906	0
3907	0
3908	0
3909	1
3910	0
3911	0
3912	0
3913	0
3914	1
3915	0
3916	1
3917	1
3918	1
3919	0
3920	0
3921	0
3922	0
3923	0
3924	0
3925	0
3926	0
3927	0
3928	1
3929	1
3930	0
3931	0
3932	0
3933	1
3934	1
3935	1
3936	0
3937	2
3938	2
3939	0
3940	0
3941	0
3942	0
3943	0
3944	0
3945	0
3946	0
3947	0
3948	0
3949	1
3950	0
3951	0
3952	0
3953	1
3954	0
3955	0
3956	0
3957	0
3958	0
3959	0
3960	0
3961	0
3962	0
3963	1
3964	0
3965	0
3966	0
3967	0
3968	2
3969	1
3970	0
3971	1
3972	0
3973	0
3974	0
3975	0
3976	0
3977	1
3978	1
3979	0
3980	1
3981	0
3982	0
3983	0
3984	0
3985	1
3986	0
3987	0
3988	1
3989	0
3990	1
3991	0
3992	0
3993	1
3994	0
3995	0
3996	0
3997	0
3998	0
3999	0
4000	0
4001	0
4002	0
4003	0
4004	0
4005	0
4006	0
4007	0
4008	0
4009	0
4010	1
4011	0
4012	0
4013	1
4014	0
4015	0
4016	0
4017	0
4018	0
4019	0
4020	0
4021	0
4022	0
4023	0
4024	0
4025	0
4026	0
4027	0
4028	0
4029	0
4030	0
4031	1
4032	0
4033	0
4034	0
4035	0
4036	1
4037	1
4038	1
4039	1
4040	1
4041	1
4042	0
4043	0
4044	0
4045	0
4046	0
4047	0
4048	0
4049	0
4050	0
4051	1
4052	0
4053	0
4054	1
4055	0
4056	1
4057	2
4058	0
4059	0
4060	1
4061	0
4062	0
4063	0
4064	0
4065	1
4066	0
4067	0
4068	0
4069	0
4070	0
4071	0
4072	0
4073	0
4074	0
4075	0
4076	0
4077	0
4078	0
4079	1
4080	0
4081	0
4082	0
4083	0
4084	1
4085	0
4086	0
4087	0
4088	0
4089	2
4090	2
4091	0
4092	0
4093	1
4094	0
4095	0
4096	0
4097	0
4098	0
4099	0
4100	0
4101	1
4102	0
4103	0
4104	0
4105	0
4106	0
4107	0
4108	0
4109	0
4110	0
4111	0
4112	1
4113	0
4114	1
4115	0
4116	0
4117	0
4118	1
4119	0
4120	1
4121	1
4122	0
4123	0
4124	0
4125	0
4126	0
4127	1
4128	0
4129	1
4130	0
4131	1
4132	0
4133	0
4134	0
4135	0
4136	0
4137	0
4138	1
4139	0
4140	0
4141	0
4142	0
4143	0
4144	1
4145	1
4146	0
4147	0
4148	0
4149	0
4150	1
4151	0
4152	0
4153	0
4154	0
4155	0
4156	1
4157	0
4158	0
4159	0
4160	1
4161	0
4162	1
4163	0
4164	0
4165	0
4166	2
4167	0
4168	0
4169	1
4170	0
4171	0
4172	0
4173	0
4174	0
4175	0
4176	0
4177	0
4178	0
4179	0
4180	0
4181	1
4182	0
4183	0
4184	0
4185	0
4186	0
4187	0
4188	0
4189	0
4190	0
4191	0
4192	0
4193	0
4194	0
4195	0
4196	1
4197	1
4198	1
4199	0
4200	0
4201	0
4202	0
4203	0
4204	0
4205	0
4206	0
4207	0
4208	1
4209	0
4210	1
4211	0
4212	0
4213	0
4214	0
4215	0
4216	1
4217	0
4218	2
4219	0
4220	0
4221	0
4222	0
4223	0
4224	1
4225	0
4226	0
4227	0
4228	1
4229	0
4230	1
4231	0
4232	0
4233	0
4234	0
4235	0
4236	0
4237	0
4238	0
4239	0
4240	0
4241	0
4242	0
4243	0
4244	0
4245	0
4246	0
4247	1
4248	0
4249	0
4250	0
4251	0
4252	1
4253	1
4254	0
4255	0
4256	0
4257	1
4258	0
4259	0
4260	0
4261	0
4262	0
4263	0
4264	0
4265	0
4266	0
4267	0
4268	1
4269	0
4270	0
4271	0
4272	0
4273	0
4274	0
4275	0
4276	0
4277	1
4278	1
4279	0
4280	0
4281	0
4282	0
4283	1
4284	0
4285	1
4286	0
4287	0
4288	1
4289	0
4290	1
4291	0
4292	1
4293	0
4294	0
4295	0
4296	1
4297	0
4298	0
4299	0
4300	0
4301	0
4302	0
4303	0
4304	0
4305	0
4306	1
4307	0
4308	0
4309	0
4310	0
4311	0
4312	0
4313	0
4314	0
4315	1
4316	0
4317	0
4318	0
4319	0
4320	0
4321	0
4322	0
4323	0
4324	1
4325	0
4326	0
4327	1
4328	0
4329	1
4330	0
4331	0
4332	1
4333	0
4334	0
4335	0
4336	0
4337	0
4338	0
4339	0
4340	0
4341	0
4342	0
4343	0
4344	1
4345	0
4346	0
4347	1
4348	1
4349	0
4350	1
4351	0
4352	0
4353	2
4354	0
4355	0
4356	0
4357	2
4358	1
4359	0
4360	1
4361	0
4362	1
4363	0
4364	0
4365	0
4366	0
4367	0
4368	0
4369	0
4370	0
4371	0
4372	3
4373	0
4374	0
4375	0
4376	0
4377	0
4378	0
4379	0
4380	0
4381	1
4382	0
4383	1
4384	0
4385	0
4386	0
4387	0
4388	1
4389	0
4390	1
4391	1
4392	0
4393	1
4394	0
4395	0
4396	0
4397	0
4398	0
4399	0
4400	0
4401	0
4402	1
4403	0
4404	0
4405	0
4406	0
4407	0
4408	0
4409	1
4410	0
4411	0
4412	0
4413	1
4414	0
4415	0
4416	0
4417	0
4418	0
4419	0
4420	1
4421	1
4422	0
4423	0
4424	0
4425	0
4426	0
4427	0
4428	1
4429	0
4430	0
4431	0
4432	0
4433	0
4434	1
4435	1
4436	0
4437	0
4438	0
4439	0
4440	0
4441	0
4442	0
4443	1
4444	0
4445	0
4446	0
4447	0
4448	0
4449	0
4450	2
4451	0
4452	0
4453	0
4454	0
4455	0
4456	0
4457	2
4458	0
4459	0
4460	0
4461	0
4462	1
4463	0
4464	2
4465	0
4466	0
4467	0
4468	0
4469	0
4470	0
4471	0
4472	0
4473	0
4474	0
4475	0
4476	0
4477	0
4478	0
4479	1
4480	0
4481	0
4482	0
4483	0
4484	0
4485	0
4486	0
4487	1
4488	0
4489	0
4490	0
4491	2
4492	0
4493	0
4494	0
4495	0
4496	0
4497	0
4498	0
4499	0
4500	0
4501	0
4502	0
4503	0
4504	1
4505	0
4506	0
4507	0
4508	0
4509	0
4510	0
4511	0
4512	0
4513	1
4514	0
4515	0
4516	0
4517	2
4518	0
4519	0
4520	0
4521	0
4522	0
4523	0
4524	0
4525	0
4526	0
4527	0
4528	0
4529	1
4530	0
4531	0
4532	0
4533	0
4534	0
4535	0
4536	0
4537	0
4538	0
4539	0
4540	0
4541	0
4542	0
4543	0
4544	0
4545	0
4546	1
4547	0
4548	0
4549	0
4550	0
4551	1
4552	0
4553	1
4554	0
4555	0
4556	0
4557	0
4558	1
4559	0
4560	0
4561	1
4562	1
4563	0
4564	0
4565	0
4566	1
4567	0
4568	0
4569	0
4570	0
4571	1
4572	0
4573	1
4574	0
4575	0
4576	0
4577	0
4578	0
4579	0
4580	0
4581	0
4582	0
4583	0
4584	0
4585	0
4586	0
4587	0
4588	1
4589	0
4590	0
4591	0
4592	0
4593	0
4594	0
4595	0
4596	0
4597	0
4598	0
4599	0
4600	0
4601	0
4602	0
4603	0
4604	0
4605	1
4606	0
4607	0
4608	0
4609	0
4610	1
4611	0
4612	0
4613	0
4614	0
4615	0
4616	1
4617	0
4618	0
4619	0
4620	0
4621	0
4622	0
4623	0
4624	1
4625	1
4626	0
4627	0
4628	0
4629	0
4630	0
4631	0
4632	0
4633	0
4634	0
4635	0
4636	0
4637	0
4638	0
4639	0
4640	0
4641	0
4642	0
4643	0
4644	0
4645	0
4646	0
4647	1
4648	0
4649	0
4650	0
4651	0
4652	0
4653	1
4654	0
4655	3
4656	0
4657	0
4658	0
4659	0
4660	0
4661	0
4662	0
4663	2
4664	0
4665	0
4666	0
4667	1
4668	0
4669	0
4670	0
4671	0
4672	0
4673	0
4674	0
4675	0
4676	0
4677	0
4678	0
4679	0
4680	0
4681	0
4682	1
4683	0
4684	0
4685	0
4686	0
4687	1
4688	1
4689	3
4690	1
4691	0
4692	0
4693	0
4694	0
4695	1
4696	0
4697	0
4698	0
4699	0
4700	0
4701	0
4702	0
4703	0
4704	1
4705	0
4706	0
4707	0
4708	0
4709	0
4710	1
4711	1
4712	0
4713	0
4714	0
4715	1
4716	0
4717	0
4718	0
4719	0
4720	1
4721	0
4722	0
4723	0
4724	0
4725	0
4726	0
4727	0
4728	0
4729	0
4730	0
4731	0
4732	0
4733	1
4734	0
4735	0
4736	0
4737	1
4738	0
4739	1
4740	0
4741	0
4742	0
4743	0
4744	0
4745	0
4746	0
4747	0
4748	0
4749	0
4750	0
4751	0
4752	0
4753	0
4754	0
4755	0
4756	1
4757	0
4758	0
4759	0
4760	0
4761	0
4762	0
4763	0
4764	1
4765	1
4766	0
4767	0
4768	0
4769	0
4770	0
4771	0
4772	1
4773	0
4774	1
4775	0
4776	0
4777	0
4778	0
4779	0
4780	0
4781	1
4782	0
4783	0
4784	0
4785	0
4786	0
4787	1
4788	0
4789	0
4790	0
4791	0
4792	0
4793	1
4794	0
4795	0
4796	0
4797	0
4798	1
4799	0
4800	0
4801	0
4802	0
4803	1
4804	0
4805	0
4806	0
4807	0
4808	0
4809	0
4810	1
4811	0
4812	1
4813	0
4814	0
4815	0
4816	0
4817	0
4818	0
4819	0
4820	0
4821	0
4822	0
4823	0
4824	0
4825	1
4826	0
4827	0
4828	0
4829	0
4830	2
4831	0
4832	1
4833	0
4834	1
4835	1
4836	0
4837	0
4838	0
4839	0
4840	0
4841	0
4842	0
4843	0
4844	0
4845	0
4846	0
4847	0
4848	0
4849	1
4850	0
4851	0
4852	0
4853	0
4854	0
4855	1
4856	1
4857	0
4858	1
4859	0
4860	0
4861	0
4862	0
4863	0
4864	0
4865	0
4866	2
4867	0
4868	1
4869	0
4870	0
4871	0
4872	1
4873	0
4874	0
4875	1
4876	1
4877	0
4878	2
4879	0
4880	0
4881	0
4882	0
4883	0
4884	0
4885	1
4886	1
4887	0
4888	1
4889	0
4890	0
4891	1
4892	0
4893	0
4894	0
4895	1
4896	0
4897	0
4898	0
4899	1
4900	0
4901	0
4902	0
4903	1
4904	0
4905	1
4906	0
4907	0
4908	0
4909	0
4910	0
4911	0
4912	0
4913	0
4914	0
4915	0
4916	0
4917	0
4918	0
4919	0
4920	0
4921	1
4922	2
4923	0
4924	0
4925	1
4926	0
4927	0
4928	0
4929	0
4930	0
4931	0
4932	0
4933	1
4934	0
4935	0
4936	0
4937	0
4938	0
4939	0
4940	0
4941	0
4942	0
4943	0
4944	0
4945	1
4946	0
4947	0
4948	1
4949	2
4950	0
4951	0
4952	0
4953	1
4954	0
4955	0
4956	0
4957	0
4958	0
4959	0
4960	0
4961	0
4962	0
4963	0
4964	0
4965	0
4966	0
4967	0
4968	0
4969	0
4970	0
4971	1
4972	0
4973	0
4974	1
4975	1
4976	0
4977	0
4978	0
4979	0
4980	1
4981	0
4982	0
4983	0
4984	0
4985	0
4986	1
4987	0
4988	0
4989	0
4990	0
4991	1
4992	0
4993	0
4994	1
4995	0
4996	1
4997	0
4998	0
4999	1
5000	0
5001	0
5002	0
5003	0
5004	0
5005	1
5006	0
5007	0
5008	0
5009	0
5010	0
5011	1
5012	1
5013	0
5014	0
5015	0
5016	1
5017	0
5018	0
5019	0
5020	0
5021	0
5022	0
5023	0
5024	0
5025	1
5026	0
5027	1
5028	0
5029	0
5030	0
5031	0
5032	0
5033	0
5034	0
5035	0
5036	1
5037	0
5038	0
5039	0
5040	0
5041	0
5042	0
5043	1
5044	1
5045	0
5046	0
5047	0
5048	0
5049	0
5050	0
5051	0
5052	0
5053	0
5054	0
5055	1
5056	0
5057	0
5058	0
5059	0
5060	0
5061	0
5062	0
5063	0
5064	0
5065	0
5066	0
5067	1
5068	0
5069	0
5070	0
5071	0
5072	0
5073	0
5074	0
5075	0
5076	0
5077	0
5078	0
5079	0
5080	0
5081	1
5082	0
5083	0
5084	0
5085	1
5086	0
5087	0
5088	1
5089	0
5090	1
5091	0
5092	0
5093	0
5094	0
5095	0
5096	0
5097	1
5098	0
5099	0
5100	0
5101	0
5102	1
5103	0
5104	1
5105	0
5106	0
5107	0
5108	0
5109	0
5110	0
5111	0
5112	0
5113	0
5114	1
5115	0
5116	0
5117	0
5118	0
5119	2
5120	0
5121	0
5122	0
5123	0
5124	0
5125	0
5126	0
5127	0
5128	0
5129	0
5130	1
5131	1
5132	0
5133	0
5134	0
5135	0
5136	0
5137	0
5138	0
5139	0
5140	1
5141	0
5142	1
5143	0
5144	1
5145	0
5146	0
5147	0
5148	0
5149	0
5150	0
5151	0
5152	0
5153	0
5154	1
5155	1
5156	0
5157	0
5158	0
5159	0
5160	0
5161	0
5162	1
5163	0
5164	0
5165	1
5166	0
5167	0
5168	0
5169	0
5170	0
5171	0
5172	0
5173	0
5174	0
5175	1
5176	1
5177	1
5178	0
5179	0
5180	0
5181	0
5182	0
5183	0
5184	0
5185	1
5186	0
5187	0
5188	0
5189	0
5190	0
5191	0
5192	0
5193	0
5194	0
5195	0
5196	0
5197	0
5198	1
5199	0
5200	1
5201	0
5202	0
5203	1
5204	0
5205	0
5206	0
5207	0
5208	0
5209	0
5210	0
5211	0
5212	0
5213	0
5214	0
5215	0
5216	0
5217	1
5218	0
5219	0
5220	0
5221	0
5222	0
5223	0
5224	0
5225	0
5226	0
5227	0
5228	0
5229	0
5230	0
5231	0
5232	0
5233	0
5234	0
5235	0
5236	1
5237	0
5238	0
5239	0
5240	0
5241	0
5242	0
5243	0
5244	0
5245	0
5246	0
5247	0
5248	0
5249	1
5250	0
5251	1
5252	0
5253	0
5254	0
5255	0
5256	0
5257	1
5258	0
5259	0
5260	0
5261	0
5262	0
5263	0
5264	0
5265	0
5266	0
5267	0
5268	0
5269	0
5270	0
5271	0
5272	0
5273	1
5274	0
5275	0
5276	0
5277	0
5278	0
5279	0
5280	0
5281	0
5282	0
5283	0
5284	0
5285	0
5286	0
5287	0
5288	0
5289	0
5290	0
5291	0
5292	0
5293	0
5294	0
5295	0
5296	0
5297	0
5298	0
5299	0
5300	1
5301	0
5302	1
5303	1
5304	1
5305	0
5306	0
5307	1
5308	0
5309	0
5310	0
5311	0
5312	0
5313	0
5314	0
5315	1
5316	0
5317	0
5318	0
5319	0
5320	0
5321	0
5322	1
5323	0
5324	0
5325	0
5326	0
5327	1
5328	1
5329	0
5330	0
5331	0
5332	0
5333	0
5334	0
5335	0
5336	0
5337	0
5338	1
5339	0
5340	0
5341	1
5342	1
5343	0
5344	1
5345	0
5346	0
5347	0
5348	0
5349	0
5350	0
5351	0
5352	0
5353	1
5354	0
5355	0
5356	0
5357	0
5358	0
5359	0
5360	0
5361	0
5362	0
5363	1
5364	1
5365	0
5366	0
5367	0
5368	0
5369	0
5370	1
5371	0
5372	1
5373	0
5374	0
5375	0
5376	0
5377	0
5378	0
5379	0
5380	0
5381	0
5382	0
5383	0
5384	0
5385	0
5386	0
5387	1
5388	0
5389	0
5390	0
5391	0
5392	0
5393	0
5394	0
5395	0
5396	0
5397	0
5398	1
5399	0
5400	0
5401	0
5402	0
5403	0
5404	0
5405	0
5406	0
5407	0
5408	1
5409	0
5410	0
5411	0
5412	0
5413	0
5414	0
5415	0
5416	0
5417	0
5418	0
5419	0
5420	1
5421	0
5422	0
5423	0
5424	0
5425	1
5426	1
5427	0
5428	0
5429	0
5430	0
5431	0
5432	2
5433	0
5434	1
5435	0
5436	0
5437	0
5438	0
5439	0
5440	0
5441	0
5442	1
5443	0
5444	0
5445	0
5446	0
5447	0
5448	0
5449	0
5450	0
5451	0
5452	0
5453	0
5454	0
5455	0
5456	0
5457	0
5458	0
5459	0
5460	0
5461	0
5462	0
5463	0
5464	0
5465	0
5466	0
5467	0
5468	0
5469	0
5470	0
5471	0
5472	0
5473	0
5474	1
5475	0
5476	1
5477	0
5478	0
5479	0
5480	0
5481	0
5482	0
5483	1
5484	0
5485	1
5486	0
5487	0
5488	0
5489	0
5490	0
5491	0
5492	0
5493	0
5494	0
5495	0
5496	0
5497	1
5498	0
5499	0
5500	2
5501	1
5502	0
5503	0
5504	0
5505	0
5506	0
5507	0
5508	0
5509	0
5510	0
5511	0
5512	0
5513	0
5514	0
5515	1
5516	0
5517	0
5518	0
5519	0
5520	0
5521	0
5522	0
5523	1
5524	0
5525	0
5526	0
5527	0
5528	0
5529	0
5530	0
5531	0
5532	0
5533	0
5534	0
5535	0
5536	0
5537	0
5538	1
5539	0
5540	0
5541	0
5542	0
5543	0
5544	1
5545	0
5546	0
5547	0
5548	0
5549	1
5550	0
5551	0
5552	0
5553	0
5554	1
5555	0
5556	0
5557	0
5558	1
5559	1
5560	0
5561	0
5562	0
5563	1
5564	0
5565	0
5566	0
5567	1
5568	0
5569	0
5570	0
5571	0
5572	0
5573	1
5574	0
5575	0
5576	1
5577	0
5578	0
5579	0
5580	0
5581	0
5582	0
5583	0
5584	0
5585	0
5586	0
5587	0
5588	0
5589	0
5590	0
5591	0
5592	0
5593	0
5594	0
5595	0
5596	1
5597	0
5598	0
5599	2
5600	1
5601	0
5602	0
5603	1
5604	0
5605	0
5606	0
5607	0
5608	0
5609	0
5610	0
5611	1
5612	0
5613	0
5614	0
5615	0
5616	0
5617	0
5618	0
5619	1
5620	1
5621	1
5622	0
5623	0
5624	0
5625	0
5626	0
5627	0
5628	0
5629	0
5630	1
5631	0
5632	0
5633	0
5634	0
5635	0
5636	0
5637	0
5638	0
5639	0
5640	0
5641	0
5642	0
5643	0
5644	0
5645	0
5646	0
5647	0
5648	0
5649	0
5650	0
5651	1
5652	0
5653	0
5654	0
5655	0
5656	0
5657	0
5658	0
5659	0
5660	0
5661	0
5662	0
5663	0
5664	0
5665	0
5666	0
5667	0
5668	0
5669	1
5670	0
5671	0
5672	0
5673	0
5674	0
5675	0
5676	0
5677	1
5678	0
5679	0
5680	0
5681	0
5682	0
5683	0
5684	0
5685	0
5686	0
5687	0
5688	0
5689	0
5690	0
5691	0
5692	0
5693	0
5694	1
5695	0
5696	0
5697	0
5698	0
5699	0
5700	0
5701	0
5702	0
5703	0
5704	0
5705	0
5706	0
5707	0
5708	0
5709	0
5710	0
5711	0
5712	0
5713	0
5714	0
5715	0
5716	0
5717	0
5718	0
5719	0
5720	0
5721	1
5722	0
5723	0
5724	0
5725	0
5726	0
5727	0
5728	0
5729	0
5730	1
5731	2
5732	0
5733	0
5734	0
5735	0
5736	0
5737	0
5738	0
5739	0
5740	0
5741	0
5742	0
5743	0
5744	0
5745	0
5746	0
5747	0
5748	0
5749	1
5750	1
5751	1
5752	0
5753	0
5754	0
5755	0
5756	0
5757	1
5758	0
5759	0
5760	0
5761	0
5762	0
5763	0
5764	0
5765	0
5766	0
5767	0
5768	0
5769	0
5770	0
5771	0
5772	0
5773	0
5774	0
5775	0
5776	0
5777	1
5778	0
5779	1
5780	0
5781	0
5782	1
5783	0
5784	0
5785	0
5786	0
5787	0
5788	0
5789	1
5790	0
5791	0
5792	0
5793	3
5794	0
5795	0
5796	0
5797	1
5798	0
5799	0
5800	0
5801	0
5802	1
5803	1
5804	0
5805	0
5806	0
5807	0
5808	0
5809	0
5810	0
5811	1
5812	0
5813	0
5814	1
5815	0
5816	0
5817	0
5818	0
5819	0
5820	0
5821	0
5822	0
5823	0
5824	0
5825	0
5826	0
5827	0
5828	0
5829	0
5830	0
5831	0
5832	0
5833	0
5834	0
5835	0
5836	0
5837	0
5838	0
5839	1
5840	0
5841	0
5842	0
5843	0
5844	0
5845	0
5846	0
5847	0
5848	0
5849	0
5850	0
5851	0
5852	1
5853	0
5854	0
5855	0
5856	0
5857	1
5858	0
5859	0
5860	0
5861	2
5862	0
5863	0
5864	0
5865	0
5866	1
5867	0
5868	0
5869	0
5870	0
5871	0
5872	0
5873	0
5874	0
5875	0
5876	1
5877	0
5878	0
5879	0
5880	0
5881	0
5882	0
5883	0
5884	0
5885	0
5886	0
5887	0
5888	0
5889	0
5890	0
5891	0
5892	0
5893	0
5894	0
5895	0
5896	0
5897	0
5898	0
5899	0
5900	0
5901	0
5902	1
5903	0
5904	0
5905	0
5906	0
5907	0
5908	0
5909	0
5910	0
5911	0
5912	0
5913	0
5914	0
5915	0
5916	0
5917	0
5918	0
5919	0
5920	0
5921	0
5922	0
5923	0
5924	0
5925	1
5926	0
5927	0
5928	0
5929	1
5930	0
5931	0
5932	0
5933	0
5934	0
5935	1
5936	0
5937	0
5938	0
5939	0
5940	1
5941	0
5942	0
5943	0
5944	0
5945	0
5946	1
5947	0
5948	0
5949	0
5950	0
5951	0
5952	0
5953	0
5954	0
5955	1
5956	0
5957	0
5958	0
5959	0
5960	0
5961	0
5962	0
5963	0
5964	0
5965	1
5966	1
5967	1
5968	1
5969	0
5970	0
5971	1
5972	0
5973	0
5974	0
5975	0
5976	0
5977	0
5978	0
5979	0
5980	0
5981	0
5982	1
5983	0
5984	1
5985	0
5986	0
5987	0
5988	0
5989	0
5990	0
5991	0
5992	0
5993	0
5994	2
5995	0
5996	0
5997	0
5998	0
5999	0
6000	0
6001	0
6002	0
6003	0
6004	0
6005	0
6006	0
6007	1
6008	1
6009	0
6010	0
6011	0
6012	1
6013	0
6014	0
6015	0
6016	0
6017	0
6018	0
6019	0
6020	0
6021	0
6022	0
6023	0
6024	0
6025	0
6026	0
6027	0
6028	0
6029	0
6030	0
6031	0
6032	0
6033	1
6034	0
6035	2
6036	0
6037	0
6038	0
6039	0
6040	0
6041	0
6042	0
6043	0
6044	0
6045	0
6046	0
6047	0
6048	0
6049	0
6050	1
6051	1
6052	0
6053	0
6054	1
6055	0
6056	0
6057	0
6058	0
6059	0
6060	0
6061	0
6062	0
6063	0
6064	0
6065	0
6066	0
6067	0
6068	0
6069	0
6070	0
6071	0
6072	0
6073	0
6074	0
6075	0
6076	0
6077	0
6078	0
6079	0
6080	0
6081	1
6082	0
6083	0
6084	0
6085	0
6086	0
6087	0
6088	0
6089	0
6090	0
6091	0
6092	0
6093	0
6094	0
6095	0
6096	0
6097	0
6098	0
6099	0
6100	0
6101	1
6102	0
6103	0
6104	0
6105	0
6106	0
6107	0
6108	0
6109	0
6110	0
6111	0
6112	0
6113	0
6114	0
6115	0
6116	0
6117	0
6118	0
6119	0
6120	0
6121	1
6122	0
6123	0
6124	0
6125	0
6126	0
6127	0
6128	0
6129	0
6130	0
6131	0
6132	0
6133	0
6134	0
6135	0
6136	0
6137	1
6138	0
6139	0
6140	0
6141	0
6142	1
6143	0
6144	0
6145	0
6146	1
6147	0
6148	0
6149	0
6150	0
6151	0
6152	2
6153	0
6154	0
6155	0
6156	0
6157	0
6158	0
6159	0
6160	0
6161	0
6162	0
6163	0
6164	1
6165	0
6166	0
6167	0
6168	0
6169	0
6170	0
6171	0
6172	1
6173	0
6174	0
6175	0
6176	0
6177	1
6178	1
6179	0
6180	0
6181	0
6182	0
6183	0
6184	0
6185	0
6186	0
6187	0
6188	0
6189	0
6190	0
6191	0
6192	0
6193	0
6194	0
6195	0
6196	0
6197	0
6198	0
6199	0
6200	0
6201	0
6202	0
6203	0
6204	0
6205	0
6206	0
6207	1
6208	0
6209	0
6210	0
6211	0
6212	0
6213	0
6214	1
6215	2
6216	0
6217	0
6218	0
6219	0
6220	0
6221	0
6222	0
6223	0
6224	0
6225	0
6226	0
6227	1
6228	0
6229	0
6230	1
6231	0
6232	0
6233	0
6234	1
6235	0
6236	0
6237	0
6238	0
6239	0
6240	0
6241	0
6242	0
6243	0
6244	1
6245	0
6246	0
6247	0
6248	0
6249	0
6250	0
6251	1
6252	0
6253	0
6254	0
6255	0
6256	1
6257	0
6258	0
6259	1
6260	0
6261	0
6262	0
6263	0
6264	0
6265	0
6266	0
6267	0
6268	0
6269	0
6270	0
6271	0
6272	0
6273	0
6274	0
6275	0
6276	0
6277	0
6278	0
6279	0
6280	0
6281	0
6282	1
6283	0
6284	0
6285	0
6286	0
6287	0
6288	0
6289	0
6290	0
6291	0
6292	0
6293	0
6294	0
6295	0
6296	0
6297	1
6298	1
6299	1
6300	1
6301	0
6302	0
6303	0
6304	0
6305	0
6306	0
6307	0
6308	0
6309	0
6310	0
6311	0
6312	0
6313	0
6314	0
6315	0
6316	0
6317	0
6318	1
6319	0
6320	0
6321	0
6322	0
6323	0
6324	0
6325	0
6326	0
6327	0
6328	0
6329	0
6330	0
6331	0
6332	0
6333	1
6334	0
6335	0
6336	0
6337	0
6338	0
6339	0
6340	0
6341	0
6342	0
6343	0
6344	0
6345	0
6346	0
6347	1
6348	0
6349	0
6350	0
6351	0
6352	0
6353	0
6354	0
6355	0
6356	1
6357	0
6358	0
6359	0
6360	0
6361	0
6362	0
6363	0
6364	0
6365	0
6366	0
6367	0
6368	0
6369	0
6370	1
6371	0
6372	0
6373	0
6374	1
6375	0
6376	0
6377	0
6378	1
6379	0
6380	0
6381	0
6382	0
6383	0
6384	0
6385	0
6386	0
6387	0
6388	0
6389	0
6390	1
6391	0
6392	1
6393	0
6394	0
6395	0
6396	0
6397	0
6398	0
6399	0
6400	0
6401	0
6402	0
6403	0
6404	0
6405	0
6406	0
6407	0
6408	0
6409	1
6410	0
6411	0
6412	0
6413	0
6414	0
6415	0
6416	0
6417	0
6418	0
6419	1
6420	0
6421	0
6422	0
6423	0
6424	0
6425	0
6426	0
6427	0
6428	0
6429	0
6430	0
6431	1
6432	0
6433	1
6434	1
6435	0
6436	0
6437	0
6438	0
6439	0
6440	0
6441	0
6442	0
6443	1
6444	0
6445	0
6446	2
6447	0
6448	0
6449	0
6450	0
6451	0
6452	0
6453	0
6454	0
6455	0
6456	1
6457	0
6458	0
6459	1
6460	1
6461	0
6462	0
6463	0
6464	0
6465	0
6466	0
6467	0
6468	0
6469	0
6470	0
6471	0
6472	0
6473	0
6474	0
6475	0
6476	0
6477	1
6478	0
6479	0
6480	0
6481	0
6482	0
6483	1
6484	0
6485	1
6486	0
6487	0
6488	0
6489	0
6490	0
6491	0
6492	0
6493	0
6494	0
6495	0
6496	0
6497	0
6498	0
6499	1
6500	0
6501	0
6502	0
6503	0
6504	0
6505	0
6506	0
6507	0
6508	0
6509	0
6510	0
6511	0
6512	0
6513	0
6514	2
6515	0
6516	1
6517	0
6518	0
6519	0
6520	0
6521	0
6522	0
6523	1
6524	1
6525	0
6526	0
6527	0
6528	0
6529	0
6530	0
6531	0
6532	0
6533	0
6534	0
6535	0
6536	0
6537	0
6538	0
6539	0
6540	0
6541	0
6542	0
6543	0
6544	0
6545	1
6546	0
6547	0
6548	0
6549	0
6550	0
6551	0
6552	0
6553	0
6554	0
6555	0
6556	0
6557	0
6558	0
6559	0
6560	0
6561	0
6562	0
6563	0
6564	0
6565	1
6566	0
6567	1
6568	0
6569	1
6570	0
6571	0
6572	0
6573	0
6574	0
6575	0
6576	0
6577	0
6578	0
6579	1
6580	0
6581	0
6582	0
6583	0
6584	0
6585	0
6586	0
6587	0
6588	1
6589	0
6590	0
6591	0
6592	0
6593	1
6594	0
6595	0
6596	0
6597	0
6598	0
6599	1
6600	0
6601	0
6602	0
6603	1
6604	0
6605	0
6606	0
6607	0
6608	0
6609	0
6610	0
6611	0
6612	0
6613	1
6614	0
6615	0
6616	0
6617	0
6618	0
6619	0
6620	0
6621	0
6622	0
6623	0
6624	0
6625	0
6626	0
6627	0
6628	0
6629	0
6630	0
6631	0
6632	0
6633	0
6634	0
6635	0
6636	0
6637	0
6638	1
6639	0
6640	0
6641	0
6642	0
6643	0
6644	0
6645	0
6646	0
6647	1
6648	0
6649	0
6650	1
6651	0
6652	0
6653	1
6654	0
6655	0
6656	0
6657	0
6658	0
6659	0
6660	0
6661	0
6662	0
6663	0
6664	0
6665	1
6666	0
6667	0
6668	1
6669	1
6670	0
6671	0
6672	0
6673	0
6674	0
6675	0
6676	0
6677	0
6678	0
6679	0
6680	0
6681	0
6682	0
6683	0
6684	0
6685	1
6686	0
6687	0
6688	0
6689	0
6690	0
6691	0
6692	0
6693	0
6694	0
6695	0
6696	0
6697	0
6698	0
6699	0
6700	0
6701	0
6702	0
6703	0
6704	0
6705	0
6706	0
6707	0
6708	0
6709	0
6710	1
6711	0
6712	0
6713	0
6714	0
6715	0
6716	0
6717	0
6718	0
6719	0
6720	0
6721	0
6722	0
6723	0
6724	0
6725	0
6726	0
6727	0
6728	0
6729	0
6730	0
6731	0
6732	0
6733	0
6734	0
6735	1
6736	0
6737	0
6738	0
6739	0
6740	0
6741	0
6742	0
6743	0
6744	0
6745	0
6746	2
6747	0
6748	0
6749	0
6750	0
6751	0
6752	0
6753	0
6754	0
6755	0
6756	0
6757	0
6758	0
6759	0
6760	0
6761	0
6762	1
6763	0
6764	0
6765	0
6766	0
6767	0
6768	0
6769	0
6770	0
6771	1
6772	0
6773	0
6774	0
6775	2
6776	0
6777	0
6778	0
6779	0
6780	0
6781	0
6782	0
6783	0
6784	0
6785	0
6786	0
6787	1
6788	0
6789	0
6790	0
6791	1
6792	2
6793	1
6794	0
6795	0
6796	0
6797	0
6798	0
6799	0
6800	0
6801	0
6802	0
6803	0
6804	0
6805	0
6806	0
6807	0
6808	0
6809	0
6810	1
6811	0
6812	0
6813	0
6814	0
6815	1
6816	0
6817	0
6818	1
6819	0
6820	0
6821	0
6822	0
6823	0
6824	0
6825	0
6826	0
6827	0
6828	0
6829	0
6830	0
6831	0
6832	0
6833	0
6834	0
6835	0
6836	0
6837	0
6838	1
6839	0
6840	1
6841	0
6842	0
6843	0
6844	0
6845	0
6846	0
6847	0
6848	0
6849	0
6850	0
6851	0
6852	0
6853	0
6854	0
6855	0
6856	0
6857	0
6858	0
6859	0
6860	1
6861	0
6862	0
6863	0
6864	0
6865	0
6866	0
6867	0
6868	0
6869	0
6870	0
6871	0
6872	0
6873	0
6874	0
6875	0
6876	0
6877	0
6878	0
6879	1
6880	0
6881	0
6882	0
6883	0
6884	0
6885	0
6886	0
6887	0
6888	0
6889	1
6890	0
6891	0
6892	0
6893	0
6894	1
6895	0
6896	0
6897	0
6898	0
6899	0
6900	0
6901	0
6902	0
6903	0
6904	0
6905	0
6906	0
6907	0
6908	0
6909	0
6910	0
6911	0
6912	0
6913	0
6914	0
6915	1
6916	0
6917	0
6918	0
6919	0
6920	0
6921	0
6922	0
6923	0
6924	0
6925	0
6926	0
6927	0
6928	0
6929	1
6930	0
6931	0
6932	1
6933	0
6934	0
6935	0
6936	0
6937	0
6938	0
6939	0
6940	0
6941	0
6942	0
6943	0
6944	0
6945	0
6946	0
6947	0
6948	0
6949	0
6950	0
6951	0
6952	0
6953	0
6954	0
6955	0
6956	0
6957	0
6958	0
6959	0
6960	0
6961	0
6962	0
6963	0
6964	0
6965	0
6966	0
6967	0
6968	0
6969	0
6970	0
6971	0
6972	0
6973	0
6974	0
6975	0
6976	0
6977	0
6978	0
6979	0
6980	0
6981	0
6982	0
6983	1
6984	0
6985	0
6986	0
6987	0
6988	1
6989	0
6990	0
6991	0
6992	0
6993	0
6994	0
6995	0
6996	0
6997	0
6998	0
6999	0
7000	1
7001	0
7002	0
7003	0
7004	0
7005	0
7006	0
7007	0
7008	0
7009	0
7010	0
7011	0
7012	0
7013	0
7014	0
7015	0
7016	0
7017	0
7018	0
7019	0
7020	1
7021	0
7022	0
7023	0
7024	0
7025	0
7026	0
7027	0
7028	0
7029	0
7030	0
7031	0
7032	0
7033	0
7034	0
7035	0
7036	1
7037	0
7038	0
7039	0
7040	0
7041	0
7042	0
7043	0
7044	0
7045	0
7046	0
7047	0
7048	0
7049	0
7050	0
7051	0
7052	0
7053	0
7054	0
7055	0
7056	0
7057	0
7058	0
7059	0
7060	0
7061	0
7062	0
7063	0
7064	0
7065	1
7066	0
7067	0
7068	0
7069	1
7070	0
7071	0
7072	0
7073	0
7074	0
7075	0
7076	0
7077	0
7078	0
7079	0
7080	0
7081	0
7082	0
7083	0
7084	0
7085	0
7086	0
7087	0
7088	0
7089	0
7090	0
7091	0
7092	0
7093	0
7094	0
7095	0
7096	0
7097	0
7098	0
7099	0
7100	0
7101	0
7102	0
7103	0
7104	0
7105	0
7106	0
7107	0
7108	0
7109	0
7110	0
7111	0
7112	0
7113	0
7114	0
7115	0
7116	0
7117	0
7118	0
7119	0
7120	0
7121	0
7122	0
7123	0
7124	0
7125	0
7126	0
7127	0
7128	0
7129	0
7130	0
7131	0
7132	0
7133	0
7134	0
7135	0
7136	0
7137	0
7138	0
7139	0
7140	0
7141	0
7142	0
7143	0
7144	0
7145	0
7146	0
7147	0
7148	0
7149	0
7150	0
7151	0
7152	0
7153	0
7154	0
7155	0
7156	0
7157	0
7158	0
7159	0
7160	0
7161	0
7162	0
7163	0
7164	0
7165	0
7166	0
7167	0
7168	0
7169	0
7170	0
7171	0
7172	0
7173	0
7174	1
7175	0
7176	0
7177	0
7178	0
7179	0
7180	0
7181	1
7182	0
7183	0
7184	0
7185	1
7186	0
7187	0
7188	0
7189	0
7190	0
7191	0
7192	0
7193	0
7194	0
7195	0
7196	0
7197	0
7198	0
7199	1
7200	1
7201	0
7202	0
7203	0
7204	0
7205	0
7206	0
7207	0
7208	1
7209	0
7210	0
7211	0
7212	0
7213	0
7214	0
7215	1
7216	0
7217	0
7218	0
7219	0
7220	0
7221	0
7222	0
7223	0
7224	0
7225	0
7226	0
7227	0
7228	0
7229	0
7230	0
7231	0
7232	0
7233	0
7234	0
7235	0
7236	0
7237	0
7238	0
7239	0
7240	0
7241	0
7242	0
7243	0
7244	0
7245	0
7246	0
7247	0
7248	0
7249	0
7250	0
7251	0
7252	0
7253	0
7254	0
7255	0
7256	0
7257	0
7258	0
7259	0
7260	0
7261	0
7262	0
7263	0
7264	0
7265	0
7266	0
7267	0
7268	0
7269	0
7270	0
7271	0
7272	0
7273	0
7274	0
7275	0
7276	0
7277	0
7278	1
7279	0
7280	0
7281	0
7282	0
7283	0
7284	0
7285	0
7286	0
7287	0
7288	0
7289	0
7290	0
7291	0
7292	0
7293	0
7294	0
7295	0
7296	1
7297	0
7298	0
7299	0
7300	0
7301	0
7302	0
7303	0
7304	0
7305	0
7306	0
7307	0
7308	0
7309	0
7310	0
7311	0
7312	0
7313	0
7314	0
7315	0
7316	0
7317	0
7318	0
7319	0
7320	0
7321	0
7322	0
7323	0
7324	0
7325	0
7326	0
7327	0
7328	0
7329	0
7330	0
7331	0
7332	0
7333	1
7334	0
7335	0
7336	0
7337	0
7338	0
7339	1
7340	0
7341	1
7342	0
7343	0
7344	0
7345	0
7346	0
7347	0
7348	0
7349	0
7350	0
7351	0
7352	0
7353	0
7354	0
7355	0
7356	0
7357	0
7358	0
7359	0
7360	1
7361	0
7362	0
7363	0
7364	0
7365	0
7366	0
7367	0
7368	0
7369	0
7370	0
7371	0
7372	0
7373	0
7374	0
7375	0
7376	1
7377	0
7378	0
7379	0
7380	1
7381	0
7382	0
7383	0
7384	0
7385	0
7386	0
7387	0
7388	0
7389	0
7390	0
7391	0
7392	0
7393	0
7394	0
7395	0
7396	0
7397	0
7398	0
7399	0
7400	0
7401	0
7402	0
7403	0
7404	0
7405	0
7406	0
7407	0
7408	0
7409	0
7410	0
7411	0
7412	0
7413	0
7414	0
7415	0
7416	0
7417	0
7418	0
7419	0
7420	0
7421	0
7422	0
7423	0
7424	0
7425	0
7426	0
7427	0
7428	0
7429	0
7430	0
7431	0
7432	0
7433	0
7434	0
7435	0
7436	0
7437	0
7438	0
7439	0
7440	0
7441	0
7442	0
7443	0
7444	0
7445	0
7446	0
7447	0
7448	0
7449	0
7450	0
7451	0
7452	0
7453	0
7454	0
7455	0
7456	0
7457	0
7458	0
7459	0
7460	0
7461	0
7462	0
7463	0
7464	0
7465	0
7466	0
7467	0
7468	0
7469	0
7470	0
7471	0
7472	0
7473	0
7474	0
7475	0
7476	0
7477	0
7478	0
7479	0
7480	0
7481	0
7482	0
7483	0
7484	0
7485	0
7486	0
7487	0
7488	0
7489	0
7490	0
7491	0
7492	0
7493	0
7494	0
7495	0
7496	0
7497	0
7498	0
7499	0
7500	0
7501	0
7502	0
7503	0
7504	0
7505	0
7506	0
7507	0
7508	0
7509	0
7510	0
7511	0
7512	0
7513	0
7514	0
7515	0
7516	0
7517	0
7518	0
7519	0
7520	0
7521	0
7522	0
7523	0
7524	0
7525	0
7526	0
7527	0
7528	0
7529	0
7530	0
7531	0
7532	0
7533	0
7534	0
7535	0
7536	0
7537	0
7538	0
7539	0
7540	0
7541	0
7542	0
7543	0
7544	0
7545	0
7546	0
7547	0
7548	0
7549	0
7550	0
7551	0
7552	0
7553	0
7554	0
7555	0
7556	0
7557	0
7558	0
7559	0
7560	0
7561	0
7562	0
7563	0
7564	0
7565	0
7566	0
7567	0
7568	0
7569	0
7570	0
7571	0
7572	0
7573	0
7574	0
7575	0
7576	0
7577	0
7578	0
7579	0
7580	0
7581	0
7582	0
7583	0
7584	0
7585	0
7586	0
7587	0
7588	0
7589	0
7590	0
7591	0
7592	0
7593	0
7594	0
7595	0
7596	0
7597	0
7598	0
7599	0
7600	0
7601	0
7602	0
7603	0
7604	0
7605	0
7606	0
7607	0
7608	0
7609	0
7610	0
7611	0
7612	0
7613	0
7614	0
7615	0
7616	0
7617	0
7618	0
7619	0
7620	0
7621	0
7622	0
7623	0
7624	0
7625	0
7626	0
7627	0
7628	0
7629	0
7630	0
7631	0
7632	0
7633	0
7634	0
7635	0
7636	0
7637	0
7638	0
7639	0
7640	0
7641	0
7642	0
7643	0
7644	0
7645	0
7646	0
7647	0
7648	0
7649	0
7650	0
7651	0
7652	0
7653	0
7654	0
7655	0
7656	0
7657	0
7658	0
7659	0
7660	0
7661	0
7662	0
7663	0
7664	0
7665	0
7666	0
7667	0
7668	0
7669	0
7670	0
7671	0
7672	0
7673	0
7674	0
7675	0
7676	0
7677	0
7678	0
7679	0
7680	0
7681	0
7682	0
7683	0
7684	0
7685	0
7686	0
7687	0
7688	0
7689	0
7690	0
7691	0
7692	0
7693	0
7694	0
7695	0
7696	0
7697	0
7698	0
7699	0
7700	0
7701	0
7702	0
7703	0
7704	0
7705	0
7706	0
7707	0
7708	0
7709	0
7710	0
7711	0
7712	0
7713	0
7714	0
7715	0
7716	0
7717	0
7718	0
7719	0
7720	0
7721	0
7722	0
7723	0
7724	0
7725	0
7726	0
7727	0
7728	0
7729	0
7730	0
7731	0
7732	0
7733	0
7734	0
7735	0
7736	0
7737	0
7738	0
7739	0
7740	0
7741	0
7742	0
7743	0
7744	0
7745	0
7746	0
7747	0
7748	0
7749	0
7750	0
7751	0
7752	0
7753	0
7754	0
7755	0
7756	0
7757	0
7758	0
7759	0
7760	0
7761	0
7762	0
7763	0
7764	0
7765	0
7766	0
7767	0
7768	0
7769	0
7770	0
7771	0
7772	0
7773	0
7774	0
7775	0
7776	0
7777	0
7778	0
7779	0
7780	0
7781	0
7782	0
7783	0
7784	0
7785	0
7786	0
7787	0
7788	0
7789	0
7790	0
7791	0
7792	0
7793	0
7794	0
7795	0
7796	0
7797	0
7798	0
7799	0
7800	0
7801	0
7802	0
7803	0
7804	0
7805	0
7806	0
7807	0
7808	0
7809	0
7810	0
7811	0
7812	0
7813	0
7814	0
7815	0
7816	0
7817	0
7818	0
7819	0
7820	0
7821	0
7822	0
7823	0
7824	0
7825	0
7826	0
7827	0
7828	0
7829	0
7830	0
7831	0
7832	0
7833	0
7834	0
7835	0
7836	0
7837	0
7838	0
7839	0
7840	0
7841	0
7842	0
7843	0
7844	0
7845	0
7846	0
7847	0
7848	0
7849	0
7850	0
7851	0
7852	0
7853	0
7854	0
7855	0
7856	0
7857	0
7858	0
7859	0
7860	0
7861	0
7862	0
7863	0
7864	0
7865	0
7866	0
7867	0
7868	0
7869	0
7870	0
7871	0
7872	0
7873	0
7874	0
7875	0
7876	0
7877	0
7878	0
7879	0
7880	0
7881	0
7882	0
7883	0
7884	0
7885	0
7886	0
7887	0
7888	0
7889	0
7890	0
7891	0
7892	0
7893	0
7894	0
7895	0
7896	0
7897	0
7898	0
7899	0
7900	0
7901	0
7902	0
7903	0
7904	0
7905	0
7906	0
7907	0
7908	0
7909	0
7910	0
7911	0
7912	0
7913	0
7914	0
7915	0
7916	0
7917	0
7918	0
7919	0
7920	0
7921	0
7922	0
7923	0
7924	0
7925	0
7926	0
7927	0
7928	0
7929	0
7930	0
7931	0
7932	0
7933	0
7934	0
7935	0
7936	0
7937	0
7938	0
7939	0
7940	0
7941	0
7942	0
7943	0
7944	0
7945	0
7946	0
7947	0
7948	0
7949	0
7950	0
7951	0
7952	0
7953	0
7954	0
7955	0
7956	0
7957	0
7958	0
7959	0
7960	0
7961	0
7962	0
7963	0
7964	0
7965	0
7966	0
7967	0
7968	0
7969	0
7970	0
7971	0
7972	0
7973	0
7974	0
7975	0
7976	0
7977	0
7978	0
7979	0
7980	0
7981	0
7982	0
7983	0
7984	0
7985	0
7986	0
7987	0
7988	0
7989	0
7990	0
7991	0
7992	0
7993	0
7994	0
7995	0
7996	0
7997	0
7998	0
7999	0
8000	0
8001	0
8002	0
8003	0
8004	0
8005	0
8006	0
8007	0
8008	0
8009	0
8010	0
8011	0
8012	0
8013	0
8014	0
8015	0
8016	0
8017	0
8018	0
8019	0
8020	0
8021	0
8022	0
8023	0
8024	0
8025	0
8026	0
8027	0
8028	0
8029	0
8030	0
8031	0
8032	0
8033	0
8034	0
8035	0
8036	0
8037	0
8038	0
8039	0
8040	0
8041	0
8042	0
8043	0
8044	0
8045	0
8046	0
8047	0
8048	0
8049	0
8050	0
8051	0
8052	0
8053	0
8054	0
8055	0
8056	0
8057	0
8058	0
8059	0
8060	0
8061	0
8062	0
8063	0
8064	0
8065	0
8066	0
8067	0
8068	0
8069	0
8070	0
8071	0
8072	0
8073	0
8074	0
8075	0
8076	0
8077	0
8078	0
8079	0
8080	0
8081	0
8082	0
8083	0
8084	0
8085	0
8086	0
8087	0
8088	0
8089	0
8090	0
8091	0
8092	0
8093	0
8094	0
8095	0
8096	0
8097	0
8098	0
8099	0
8100	0
8101	0
8102	0
8103	0
8104	0
8105	0
8106	0
8107	0
8108	0
8109	0
8110	0
8111	0
8112	0
8113	0
8114	0
8115	0
8116	0
8117	0
8118	0
8119	0
8120	0
8121	0
8122	0
8123	0
8124	0
8125	0
8126	0
8127	0
8128	0
8129	0
8130	0
8131	0
8132	0
8133	0
8134	0
8135	0
8136	0
8137	0
8138	0
8139	0
8140	0
8141	0
8142	0
8143	0
8144	0
8145	0
8146	0
8147	0
8148	0
8149	0
8150	0
8151	0
8152	0
8153	0
8154	0
8155	0
8156	0
8157	0
8158	0
8159	0
8160	0
8161	0
8162	0
8163	0
8164	0
8165	0
8166	0
8167	0
8168	0
8169	0
8170	0
8171	0
8172	0
8173	0
8174	0
8175	0
8176	0
8177	0
8178	0
8179	0
8180	0
8181	0
8182	0
8183	0
8184	0
8185	0
8186	0
8187	0
8188	0
8189	0
8190	0
8191	0
8192	0
