1	0
2	0
3	0
4	0
5	0
6	0
7	0
8	0
9	0
10	0
11	0
12	0
13	0
14	0
15	0
16	0
17	0
18	0
19	0
20	0
21	0
22	0
23	0
24	0
25	0
26	0
27	0
28	0
29	0
30	0
31	0
32	0
33	0
34	0
35	1
36	0
37	0
38	0
39	0
40	0
41	0
42	1
43	0
44	0
45	0
46	0
47	0
48	0
49	0
50	1
51	0
52	1
53	0
54	1
55	0
56	1
57	1
58	0
59	37
60	64
61	60
62	66
63	68
64	86
65	68
66	67
67	67
68	70
69	69
70	56
71	67
72	66
73	71
74	55
75	58
76	57
77	64
78	63
79	72
80	78
81	70
82	66
83	50
84	56
85	65
86	69
87	49
88	56
89	57
90	72
91	58
92	57
93	81
94	58
95	61
96	78
97	58
98	57
99	71
100	70
101	64
102	67
103	62
104	69
105	66
106	64
107	77
108	71
109	77
110	73
111	58
112	71
113	67
114	64
115	73
116	67
117	58
118	59
119	73
120	73
121	66
122	73
123	75
124	78
125	58
126	58
127	71
128	81
129	73
130	73
131	76
132	77
133	68
134	60
135	56
136	95
137	72
138	70
139	63
140	66
141	63
142	76
143	68
144	68
145	58
146	76
147	87
148	81
149	69
150	59
151	72
152	66
153	71
154	69
155	63
156	67
157	74
158	73
159	95
160	64
161	79
162	67
163	83
164	62
165	67
166	77
167	76
168	70
169	74
170	77
171	73
172	83
173	75
174	75
175	79
176	67
177	75
178	83
179	76
180	79
181	76
182	66
183	68
184	85
185	69
186	62
187	77
188	78
189	70
190	70
191	69
192	68
193	86
194	73
195	81
196	74
197	82
198	85
199	84
200	82
201	86
202	72
203	79
204	84
205	79
206	70
207	60
208	80
209	82
210	73
211	79
212	79
213	68
214	82
215	79
216	75
217	75
218	57
219	81
220	80
221	64
222	64
223	76
224	87
225	75
226	78
227	59
228	95
229	84
230	67
231	75
232	72
233	70
234	70
235	69
236	85
237	90
238	78
239	71
240	82
241	81
242	91
243	82
244	81
245	84
246	76
247	91
248	77
249	76
250	81
251	90
252	97
253	92
254	93
255	77
256	88
257	70
258	98
259	73
260	100
261	69
262	78
263	79
264	77
265	85
266	85
267	83
268	82
269	76
270	68
271	90
272	68
273	92
274	89
275	80
276	88
277	90
278	88
279	79
280	96
281	75
282	94
283	74
284	97
285	90
286	74
287	79
288	83
289	84
290	80
291	91
292	102
293	77
294	87
295	92
296	69
297	84
298	65
299	93
300	80
301	91
302	69
303	86
304	77
305	80
306	102
307	93
308	73
309	82
310	70
311	81
312	99
313	91
314	74
315	73
316	97
317	99
318	90
319	73
320	67
321	76
322	79
323	79
324	78
325	93
326	82
327	95
328	71
329	95
330	91
331	80
332	87
333	106
334	83
335	78
336	91
337	89
338	95
339	95
340	86
341	84
342	79
343	86
344	76
345	75
346	64
347	80
348	73
349	74
350	82
351	91
352	115
353	103
354	71
355	92
356	89
357	96
358	82
359	81
360	95
361	110
362	87
363	103
364	79
365	83
366	109
367	89
368	103
369	72
370	99
371	80
372	97
373	100
374	86
375	94
376	89
377	88
378	101
379	113
380	98
381	96
382	99
383	98
384	102
385	109
386	109
387	94
388	90
389	100
390	95
391	122
392	102
393	92
394	98
395	113
396	96
397	91
398	101
399	121
400	125
401	123
402	112
403	124
404	97
405	114
406	115
407	103
408	122
409	113
410	108
411	121
412	126
413	128
414	125
415	112
416	131
417	102
418	108
419	116
420	116
421	122
422	117
423	144
424	119
425	149
426	116
427	173
428	134
429	134
430	133
431	160
432	129
433	126
434	134
435	119
436	129
437	140
438	139
439	127
440	148
441	131
442	132
443	140
444	125
445	133
446	118
447	131
448	119
449	121
450	114
451	152
452	109
453	132
454	139
455	143
456	154
457	120
458	131
459	138
460	123
461	116
462	100
463	129
464	142
465	111
466	120
467	132
468	110
469	135
470	125
471	134
472	119
473	121
474	109
475	114
476	126
477	118
478	106
479	134
480	133
481	124
482	123
483	104
484	126
485	111
486	108
487	110
488	122
489	101
490	116
491	114
492	96
493	126
494	122
495	101
496	128
497	105
498	104
499	93
500	100
501	95
502	100
503	81
504	99
505	102
506	105
507	99
508	96
509	115
510	111
511	96
512	92
513	107
514	94
515	101
516	99
517	85
518	101
519	100
520	87
521	86
522	79
523	107
524	94
525	81
526	84
527	95
528	96
529	88
530	91
531	102
532	85
533	107
534	91
535	81
536	107
537	86
538	78
539	97
540	93
541	79
542	78
543	81
544	83
545	90
546	91
547	64
548	107
549	88
550	73
551	94
552	86
553	77
554	90
555	89
556	101
557	80
558	104
559	71
560	81
561	88
562	95
563	71
564	79
565	85
566	89
567	67
568	90
569	84
570	80
571	68
572	76
573	84
574	72
575	94
576	87
577	82
578	79
579	77
580	89
581	66
582	68
583	88
584	89
585	85
586	77
587	88
588	83
589	75
590	75
591	91
592	82
593	96
594	101
595	86
596	85
597	95
598	75
599	85
600	79
601	85
602	67
603	69
604	73
605	81
606	83
607	80
608	89
609	91
610	98
611	95
612	70
613	75
614	88
615	99
616	78
617	87
618	76
619	88
620	83
621	85
622	83
623	79
624	99
625	85
626	97
627	83
628	87
629	85
630	77
631	93
632	73
633	81
634	68
635	67
636	86
637	84
638	101
639	84
640	86
641	86
642	92
643	73
644	89
645	82
646	92
647	85
648	94
649	91
650	81
651	81
652	77
653	105
654	95
655	90
656	78
657	95
658	80
659	94
660	81
661	90
662	68
663	74
664	86
665	102
666	85
667	82
668	90
669	90
670	86
671	88
672	70
673	88
674	80
675	76
676	85
677	95
678	81
679	82
680	87
681	69
682	89
683	84
684	82
685	80
686	93
687	68
688	95
689	81
690	94
691	86
692	97
693	93
694	75
695	96
696	80
697	76
698	99
699	98
700	95
701	79
702	78
703	78
704	81
705	87
706	99
707	97
708	62
709	71
710	71
711	85
712	77
713	80
714	91
715	80
716	92
717	77
718	82
719	83
720	84
721	79
722	85
723	82
724	89
725	91
726	83
727	97
728	85
729	83
730	90
731	76
732	89
733	70
734	94
735	91
736	101
737	83
738	75
739	98
740	88
741	79
742	93
743	81
744	82
745	90
746	83
747	85
748	84
749	79
750	94
751	73
752	75
753	81
754	101
755	99
756	74
757	94
758	80
759	75
760	80
761	74
762	68
763	80
764	84
765	93
766	90
767	87
768	96
769	73
770	97
771	78
772	77
773	73
774	71
775	73
776	83
777	110
778	77
779	91
780	107
781	89
782	85
783	76
784	82
785	84
786	85
787	82
788	83
789	74
790	99
791	83
792	89
793	65
794	98
795	82
796	88
797	95
798	69
799	91
800	82
801	103
802	91
803	82
804	88
805	90
806	84
807	95
808	79
809	66
810	83
811	90
812	79
813	85
814	88
815	77
816	87
817	93
818	84
819	73
820	86
821	106
822	95
823	80
824	68
825	86
826	87
827	100
828	111
829	89
830	83
831	103
832	86
833	85
834	103
835	96
836	80
837	74
838	98
839	80
840	76
841	67
842	93
843	103
844	86
845	83
846	69
847	97
848	91
849	86
850	90
851	88
852	90
853	97
854	83
855	88
856	95
857	80
858	91
859	114
860	91
861	80
862	83
863	87
864	78
865	84
866	102
867	85
868	95
869	104
870	90
871	98
872	99
873	80
874	92
875	101
876	103
877	104
878	89
879	89
880	90
881	113
882	92
883	98
884	82
885	92
886	82
887	83
888	88
889	104
890	100
891	93
892	93
893	107
894	85
895	81
896	90
897	88
898	97
899	78
900	84
901	106
902	91
903	109
904	105
905	96
906	95
907	92
908	94
909	109
910	88
911	112
912	92
913	82
914	95
915	85
916	100
917	89
918	92
919	106
920	88
921	107
922	95
923	94
924	96
925	104
926	97
927	83
928	94
929	107
930	86
931	96
932	113
933	91
934	101
935	108
936	103
937	97
938	100
939	100
940	103
941	97
942	111
943	116
944	116
945	108
946	106
947	106
948	93
949	102
950	106
951	118
952	110
953	95
954	101
955	115
956	99
957	91
958	104
959	102
960	105
961	102
962	107
963	100
964	88
965	105
966	108
967	88
968	120
969	120
970	111
971	124
972	130
973	103
974	110
975	96
976	128
977	109
978	97
979	107
980	104
981	96
982	96
983	121
984	103
985	96
986	89
987	99
988	120
989	90
990	99
991	105
992	102
993	85
994	105
995	109
996	97
997	111
998	103
999	102
1000	113
1001	102
1002	118
1003	105
1004	101
1005	108
1006	94
1007	100
1008	113
1009	111
1010	105
1011	122
1012	110
1013	117
1014	102
1015	114
1016	132
1017	136
1018	119
1019	111
1020	115
1021	109
1022	104
1023	105
1024	125
1025	109
1026	114
1027	102
1028	102
1029	100
1030	108
1031	110
1032	131
1033	120
1034	114
1035	113
1036	102
1037	103
1038	106
1039	111
1040	95
1041	115
1042	116
1043	115
1044	108
1045	101
1046	107
1047	100
1048	122
1049	100
1050	123
1051	136
1052	119
1053	101
1054	99
1055	83
1056	98
1057	90
1058	110
1059	107
1060	116
1061	108
1062	101
1063	107
1064	117
1065	104
1066	98
1067	116
1068	93
1069	115
1070	103
1071	111
1072	91
1073	116
1074	107
1075	93
1076	96
1077	95
1078	101
1079	107
1080	87
1081	104
1082	103
1083	104
1084	106
1085	88
1086	109
1087	103
1088	92
1089	121
1090	87
1091	105
1092	80
1093	129
1094	104
1095	95
1096	82
1097	112
1098	99
1099	99
1100	96
1101	97
1102	105
1103	115
1104	93
1105	96
1106	102
1107	109
1108	105
1109	116
1110	103
1111	109
1112	102
1113	105
1114	109
1115	104
1116	99
1117	87
1118	96
1119	97
1120	113
1121	108
1122	108
1123	114
1124	89
1125	123
1126	101
1127	90
1128	113
1129	104
1130	104
1131	108
1132	91
1133	107
1134	124
1135	96
1136	114
1137	114
1138	97
1139	83
1140	114
1141	104
1142	93
1143	115
1144	94
1145	108
1146	96
1147	103
1148	89
1149	95
1150	123
1151	85
1152	110
1153	95
1154	104
1155	110
1156	95
1157	122
1158	114
1159	89
1160	111
1161	92
1162	88
1163	99
1164	98
1165	110
1166	105
1167	107
1168	102
1169	79
1170	116
1171	105
1172	88
1173	94
1174	107
1175	88
1176	96
1177	92
1178	80
1179	124
1180	100
1181	100
1182	92
1183	84
1184	83
1185	125
1186	109
1187	111
1188	91
1189	103
1190	105
1191	94
1192	98
1193	102
1194	107
1195	121
1196	103
1197	101
1198	102
1199	91
1200	100
1201	79
1202	95
1203	98
1204	111
1205	95
1206	92
1207	84
1208	95
1209	98
1210	100
1211	95
1212	93
1213	100
1214	102
1215	104
1216	86
1217	111
1218	93
1219	122
1220	114
1221	99
1222	99
1223	116
1224	91
1225	109
1226	108
1227	92
1228	109
1229	94
1230	107
1231	101
1232	116
1233	101
1234	94
1235	127
1236	105
1237	89
1238	98
1239	91
1240	97
1241	93
1242	106
1243	99
1244	109
1245	97
1246	104
1247	95
1248	113
1249	94
1250	92
1251	103
1252	101
1253	92
1254	99
1255	99
1256	96
1257	89
1258	100
1259	79
1260	91
1261	71
1262	86
1263	106
1264	94
1265	78
1266	91
1267	104
1268	87
1269	88
1270	99
1271	88
1272	106
1273	86
1274	85
1275	89
1276	98
1277	104
1278	95
1279	87
1280	108
1281	96
1282	114
1283	103
1284	103
1285	97
1286	103
1287	90
1288	96
1289	113
1290	84
1291	101
1292	87
1293	97
1294	96
1295	100
1296	90
1297	98
1298	95
1299	93
1300	89
1301	93
1302	94
1303	95
1304	91
1305	110
1306	107
1307	111
1308	102
1309	87
1310	87
1311	96
1312	108
1313	103
1314	96
1315	100
1316	107
1317	86
1318	95
1319	105
1320	92
1321	84
1322	91
1323	88
1324	96
1325	97
1326	86
1327	93
1328	85
1329	82
1330	91
1331	86
1332	85
1333	97
1334	91
1335	90
1336	106
1337	97
1338	97
1339	91
1340	99
1341	106
1342	126
1343	84
1344	99
1345	87
1346	89
1347	88
1348	95
1349	95
1350	97
1351	97
1352	100
1353	95
1354	78
1355	100
1356	99
1357	108
1358	91
1359	99
1360	96
1361	75
1362	105
1363	102
1364	120
1365	87
1366	100
1367	89
1368	96
1369	91
1370	102
1371	102
1372	87
1373	89
1374	81
1375	94
1376	80
1377	78
1378	82
1379	108
1380	103
1381	91
1382	102
1383	89
1384	93
1385	102
1386	91
1387	97
1388	103
1389	106
1390	101
1391	112
1392	93
1393	102
1394	91
1395	82
1396	95
1397	104
1398	101
1399	88
1400	111
1401	114
1402	82
1403	91
1404	108
1405	80
1406	84
1407	86
1408	94
1409	93
1410	78
1411	101
1412	100
1413	103
1414	91
1415	95
1416	92
1417	98
1418	100
1419	99
1420	98
1421	85
1422	103
1423	95
1424	101
1425	101
1426	80
1427	81
1428	92
1429	79
1430	78
1431	103
1432	105
1433	93
1434	99
1435	100
1436	95
1437	108
1438	91
1439	88
1440	78
1441	106
1442	87
1443	99
1444	80
1445	83
1446	94
1447	85
1448	92
1449	100
1450	87
1451	98
1452	102
1453	94
1454	111
1455	84
1456	91
1457	104
1458	106
1459	93
1460	108
1461	108
1462	99
1463	92
1464	88
1465	103
1466	95
1467	93
1468	78
1469	70
1470	91
1471	99
1472	93
1473	87
1474	99
1475	92
1476	102
1477	94
1478	89
1479	91
1480	94
1481	75
1482	94
1483	87
1484	84
1485	85
1486	95
1487	86
1488	71
1489	102
1490	69
1491	71
1492	85
1493	88
1494	96
1495	102
1496	94
1497	97
1498	92
1499	89
1500	84
1501	97
1502	87
1503	80
1504	99
1505	97
1506	108
1507	88
1508	95
1509	96
1510	82
1511	79
1512	97
1513	71
1514	88
1515	97
1516	98
1517	90
1518	96
1519	89
1520	92
1521	76
1522	108
1523	81
1524	87
1525	97
1526	82
1527	109
1528	72
1529	86
1530	90
1531	96
1532	95
1533	101
1534	101
1535	78
1536	84
1537	96
1538	87
1539	100
1540	87
1541	85
1542	109
1543	82
1544	100
1545	96
1546	98
1547	78
1548	106
1549	91
1550	84
1551	99
1552	86
1553	99
1554	87
1555	89
1556	93
1557	83
1558	99
1559	101
1560	114
1561	101
1562	91
1563	81
1564	77
1565	94
1566	99
1567	101
1568	78
1569	97
1570	86
1571	95
1572	96
1573	75
1574	90
1575	100
1576	105
1577	88
1578	111
1579	103
1580	93
1581	93
1582	80
1583	96
1584	98
1585	76
1586	94
1587	97
1588	88
1589	85
1590	95
1591	104
1592	106
1593	82
1594	71
1595	93
1596	93
1597	72
1598	68
1599	105
1600	99
1601	83
1602	90
1603	103
1604	110
1605	71
1606	73
1607	99
1608	85
1609	97
1610	78
1611	95
1612	75
1613	88
1614	69
1615	96
1616	110
1617	92
1618	103
1619	94
1620	95
1621	91
1622	106
1623	96
1624	98
1625	66
1626	102
1627	75
1628	88
1629	84
1630	93
1631	103
1632	113
1633	98
1634	83
1635	98
1636	83
1637	81
1638	88
1639	75
1640	98
1641	92
1642	92
1643	72
1644	80
1645	68
1646	93
1647	90
1648	96
1649	94
1650	99
1651	86
1652	103
1653	98
1654	91
1655	102
1656	85
1657	88
1658	75
1659	89
1660	91
1661	91
1662	81
1663	74
1664	94
1665	81
1666	95
1667	84
1668	93
1669	86
1670	77
1671	80
1672	76
1673	84
1674	87
1675	94
1676	93
1677	83
1678	96
1679	89
1680	86
1681	86
1682	68
1683	96
1684	83
1685	88
1686	87
1687	70
1688	71
1689	79
1690	72
1691	82
1692	66
1693	77
1694	67
1695	103
1696	89
1697	85
1698	84
1699	71
1700	75
1701	77
1702	66
1703	74
1704	84
1705	92
1706	78
1707	78
1708	88
1709	67
1710	75
1711	75
1712	92
1713	65
1714	88
1715	80
1716	71
1717	81
1718	73
1719	71
1720	66
1721	74
1722	63
1723	70
1724	81
1725	75
1726	75
1727	72
1728	53
1729	60
1730	71
1731	65
1732	57
1733	68
1734	85
1735	67
1736	60
1737	69
1738	82
1739	64
1740	72
1741	67
1742	68
1743	71
1744	72
1745	75
1746	62
1747	63
1748	59
1749	58
1750	70
1751	65
1752	49
1753	63
1754	54
1755	65
1756	58
1757	58
1758	62
1759	61
1760	76
1761	62
1762	53
1763	65
1764	46
1765	65
1766	70
1767	48
1768	54
1769	58
1770	64
1771	59
1772	53
1773	61
1774	59
1775	57
1776	69
1777	64
1778	50
1779	65
1780	63
1781	66
1782	61
1783	64
1784	57
1785	60
1786	53
1787	59
1788	38
1789	75
1790	59
1791	56
1792	53
1793	59
1794	61
1795	56
1796	50
1797	54
1798	59
1799	48
1800	54
1801	63
1802	54
1803	69
1804	64
1805	65
1806	57
1807	54
1808	51
1809	45
1810	45
1811	52
1812	64
1813	54
1814	56
1815	53
1816	51
1817	46
1818	57
1819	62
1820	47
1821	78
1822	49
1823	65
1824	58
1825	45
1826	44
1827	53
1828	52
1829	50
1830	47
1831	30
1832	45
1833	62
1834	50
1835	53
1836	59
1837	62
1838	52
1839	52
1840	41
1841	58
1842	50
1843	51
1844	43
1845	45
1846	35
1847	61
1848	53
1849	64
1850	61
1851	39
1852	49
1853	50
1854	42
1855	38
1856	41
1857	52
1858	38
1859	57
1860	48
1861	49
1862	52
1863	50
1864	46
1865	51
1866	52
1867	51
1868	45
1869	45
1870	44
1871	45
1872	42
1873	53
1874	49
1875	35
1876	56
1877	50
1878	39
1879	51
1880	43
1881	55
1882	44
1883	44
1884	37
1885	40
1886	39
1887	44
1888	44
1889	41
1890	46
1891	49
1892	31
1893	36
1894	46
1895	42
1896	36
1897	44
1898	46
1899	35
1900	38
1901	50
1902	37
1903	41
1904	40
1905	41
1906	48
1907	37
1908	51
1909	49
1910	44
1911	39
1912	45
1913	40
1914	46
1915	36
1916	46
1917	45
1918	53
1919	36
1920	45
1921	48
1922	48
1923	29
1924	37
1925	38
1926	40
1927	35
1928	37
1929	49
1930	30
1931	25
1932	30
1933	39
1934	37
1935	40
1936	34
1937	46
1938	41
1939	32
1940	49
1941	34
1942	58
1943	38
1944	41
1945	40
1946	45
1947	46
1948	44
1949	49
1950	46
1951	42
1952	39
1953	35
1954	50
1955	48
1956	32
1957	39
1958	36
1959	40
1960	42
1961	32
1962	43
1963	39
1964	34
1965	48
1966	40
1967	49
1968	40
1969	37
1970	29
1971	38
1972	28
1973	32
1974	38
1975	42
1976	34
1977	34
1978	46
1979	30
1980	33
1981	37
1982	42
1983	44
1984	53
1985	42
1986	34
1987	35
1988	32
1989	32
1990	38
1991	34
1992	33
1993	32
1994	33
1995	43
1996	34
1997	29
1998	40
1999	32
2000	53
2001	49
2002	45
2003	37
2004	42
2005	31
2006	34
2007	35
2008	33
2009	43
2010	41
2011	34
2012	32
2013	41
2014	32
2015	31
2016	34
2017	41
2018	34
2019	39
2020	35
2021	45
2022	37
2023	47
2024	33
2025	34
2026	37
2027	36
2028	41
2029	43
2030	40
2031	26
2032	23
2033	33
2034	46
2035	46
2036	38
2037	33
2038	33
2039	35
2040	37
2041	36
2042	23
2043	34
2044	37
2045	37
2046	33
2047	30
2048	37
2049	31
2050	38
2051	42
2052	38
2053	31
2054	42
2055	39
2056	29
2057	40
2058	41
2059	27
2060	38
2061	45
2062	48
2063	35
2064	38
2065	34
2066	36
2067	34
2068	42
2069	29
2070	32
2071	43
2072	40
2073	34
2074	40
2075	35
2076	44
2077	49
2078	32
2079	31
2080	42
2081	31
2082	32
2083	39
2084	34
2085	45
2086	39
2087	37
2088	46
2089	33
2090	36
2091	32
2092	42
2093	35
2094	40
2095	28
2096	31
2097	30
2098	36
2099	46
2100	33
2101	31
2102	41
2103	47
2104	36
2105	38
2106	38
2107	33
2108	38
2109	42
2110	37
2111	29
2112	30
2113	48
2114	31
2115	36
2116	36
2117	29
2118	43
2119	30
2120	25
2121	39
2122	47
2123	37
2124	36
2125	22
2126	29
2127	44
2128	40
2129	44
2130	46
2131	34
2132	40
2133	30
2134	35
2135	23
2136	31
2137	33
2138	50
2139	31
2140	38
2141	34
2142	43
2143	34
2144	32
2145	37
2146	38
2147	37
2148	32
2149	39
2150	33
2151	36
2152	34
2153	31
2154	38
2155	25
2156	41
2157	23
2158	27
2159	38
2160	29
2161	30
2162	25
2163	38
2164	30
2165	37
2166	42
2167	40
2168	31
2169	40
2170	26
2171	18
2172	38
2173	40
2174	39
2175	29
2176	28
2177	37
2178	49
2179	26
2180	36
2181	31
2182	37
2183	27
2184	47
2185	40
2186	32
2187	40
2188	35
2189	38
2190	31
2191	48
2192	45
2193	32
2194	35
2195	32
2196	30
2197	36
2198	35
2199	30
2200	29
2201	36
2202	35
2203	29
2204	28
2205	28
2206	23
2207	37
2208	29
2209	37
2210	39
2211	46
2212	31
2213	33
2214	31
2215	29
2216	40
2217	30
2218	33
2219	39
2220	24
2221	32
2222	37
2223	28
2224	36
2225	33
2226	36
2227	38
2228	37
2229	34
2230	38
2231	39
2232	38
2233	36
2234	47
2235	25
2236	34
2237	34
2238	28
2239	38
2240	46
2241	38
2242	42
2243	29
2244	50
2245	37
2246	30
2247	37
2248	33
2249	35
2250	39
2251	33
2252	35
2253	39
2254	29
2255	45
2256	37
2257	36
2258	40
2259	29
2260	36
2261	45
2262	41
2263	32
2264	39
2265	24
2266	42
2267	46
2268	35
2269	37
2270	36
2271	33
2272	41
2273	43
2274	30
2275	30
2276	28
2277	26
2278	42
2279	38
2280	49
2281	36
2282	34
2283	32
2284	33
2285	39
2286	37
2287	52
2288	33
2289	35
2290	31
2291	42
2292	41
2293	42
2294	33
2295	37
2296	35
2297	32
2298	35
2299	48
2300	40
2301	36
2302	38
2303	37
2304	38
2305	31
2306	30
2307	34
2308	38
2309	38
2310	34
2311	40
2312	39
2313	37
2314	46
2315	31
2316	42
2317	42
2318	35
2319	32
2320	33
2321	29
2322	48
2323	43
2324	56
2325	28
2326	40
2327	46
2328	39
2329	39
2330	44
2331	36
2332	43
2333	50
2334	40
2335	44
2336	38
2337	51
2338	53
2339	47
2340	40
2341	38
2342	38
2343	30
2344	45
2345	42
2346	39
2347	41
2348	43
2349	42
2350	35
2351	41
2352	49
2353	40
2354	38
2355	49
2356	44
2357	43
2358	45
2359	46
2360	46
2361	41
2362	44
2363	36
2364	41
2365	61
2366	36
2367	53
2368	54
2369	33
2370	56
2371	48
2372	56
2373	41
2374	52
2375	41
2376	52
2377	51
2378	60
2379	42
2380	48
2381	55
2382	39
2383	40
2384	49
2385	34
2386	51
2387	61
2388	51
2389	58
2390	51
2391	62
2392	59
2393	68
2394	58
2395	64
2396	52
2397	50
2398	49
2399	57
2400	58
2401	61
2402	50
2403	48
2404	55
2405	69
2406	48
2407	77
2408	62
2409	82
2410	74
2411	53
2412	59
2413	71
2414	57
2415	69
2416	62
2417	68
2418	85
2419	71
2420	73
2421	79
2422	73
2423	83
2424	75
2425	67
2426	98
2427	72
2428	81
2429	82
2430	78
2431	87
2432	108
2433	74
2434	82
2435	60
2436	95
2437	96
2438	77
2439	96
2440	94
2441	98
2442	79
2443	87
2444	84
2445	78
2446	87
2447	92
2448	76
2449	87
2450	108
2451	107
2452	99
2453	90
2454	92
2455	86
2456	96
2457	93
2458	114
2459	102
2460	93
2461	93
2462	94
2463	115
2464	103
2465	115
2466	116
2467	116
2468	96
2469	117
2470	107
2471	115
2472	143
2473	117
2474	106
2475	134
2476	110
2477	135
2478	154
2479	127
2480	137
2481	131
2482	163
2483	128
2484	137
2485	152
2486	130
2487	136
2488	152
2489	127
2490	161
2491	153
2492	137
2493	140
2494	149
2495	158
2496	146
2497	158
2498	153
2499	146
2500	162
2501	137
2502	184
2503	150
2504	178
2505	146
2506	152
2507	187
2508	164
2509	169
2510	168
2511	174
2512	202
2513	168
2514	178
2515	197
2516	185
2517	189
2518	187
2519	177
2520	171
2521	189
2522	213
2523	186
2524	201
2525	187
2526	202
2527	201
2528	154
2529	191
2530	193
2531	208
2532	218
2533	208
2534	215
2535	225
2536	211
2537	199
2538	225
2539	209
2540	208
2541	236
2542	239
2543	228
2544	243
2545	221
2546	236
2547	226
2548	269
2549	242
2550	245
2551	224
2552	258
2553	286
2554	232
2555	247
2556	222
2557	234
2558	253
2559	257
2560	274
2561	250
2562	267
2563	243
2564	248
2565	270
2566	266
2567	257
2568	267
2569	288
2570	262
2571	250
2572	281
2573	291
2574	250
2575	313
2576	264
2577	282
2578	245
2579	260
2580	258
2581	322
2582	293
2583	294
2584	278
2585	288
2586	312
2587	267
2588	283
2589	316
2590	285
2591	305
2592	338
2593	293
2594	302
2595	321
2596	319
2597	330
2598	312
2599	294
2600	297
2601	317
2602	345
2603	322
2604	328
2605	316
2606	294
2607	314
2608	306
2609	344
2610	307
2611	330
2612	324
2613	346
2614	327
2615	355
2616	346
2617	320
2618	335
2619	345
2620	352
2621	301
2622	371
2623	323
2624	348
2625	348
2626	361
2627	332
2628	390
2629	343
2630	331
2631	368
2632	365
2633	340
2634	361
2635	383
2636	348
2637	336
2638	347
2639	392
2640	366
2641	356
2642	346
2643	363
2644	369
2645	384
2646	371
2647	327
2648	374
2649	343
2650	329
2651	396
2652	353
2653	383
2654	387
2655	343
2656	359
2657	358
2658	411
2659	363
2660	372
2661	369
2662	355
2663	362
2664	347
2665	331
2666	351
2667	372
2668	372
2669	345
2670	354
2671	381
2672	352
2673	326
2674	359
2675	329
2676	359
2677	362
2678	352
2679	399
2680	389
2681	397
2682	360
2683	353
2684	350
2685	382
2686	375
2687	398
2688	383
2689	357
2690	347
2691	391
2692	348
2693	342
2694	392
2695	344
2696	352
2697	362
2698	366
2699	369
2700	394
2701	308
2702	382
2703	346
2704	362
2705	334
2706	394
2707	350
2708	388
2709	356
2710	361
2711	333
2712	355
2713	331
2714	359
2715	341
2716	338
2717	352
2718	367
2719	355
2720	322
2721	356
2722	378
2723	354
2724	311
2725	336
2726	339
2727	345
2728	337
2729	324
2730	348
2731	330
2732	327
2733	308
2734	333
2735	338
2736	341
2737	340
2738	338
2739	290
2740	318
2741	323
2742	312
2743	336
2744	270
2745	308
2746	319
2747	299
2748	301
2749	282
2750	307
2751	285
2752	298
2753	290
2754	312
2755	309
2756	282
2757	281
2758	274
2759	288
2760	293
2761	268
2762	264
2763	299
2764	299
2765	295
2766	286
2767	278
2768	261
2769	240
2770	258
2771	281
2772	262
2773	261
2774	253
2775	251
2776	266
2777	227
2778	264
2779	255
2780	258
2781	243
2782	218
2783	245
2784	234
2785	227
2786	230
2787	224
2788	221
2789	236
2790	237
2791	215
2792	193
2793	214
2794	218
2795	239
2796	218
2797	229
2798	221
2799	216
2800	194
2801	187
2802	192
2803	204
2804	210
2805	206
2806	197
2807	184
2808	193
2809	185
2810	155
2811	209
2812	171
2813	161
2814	153
2815	212
2816	179
2817	176
2818	179
2819	169
2820	190
2821	172
2822	194
2823	157
2824	162
2825	156
2826	167
2827	177
2828	151
2829	168
2830	135
2831	159
2832	139
2833	154
2834	155
2835	140
2836	154
2837	142
2838	123
2839	121
2840	139
2841	133
2842	153
2843	153
2844	118
2845	138
2846	126
2847	147
2848	118
2849	131
2850	133
2851	135
2852	120
2853	110
2854	124
2855	101
2856	117
2857	138
2858	120
2859	100
2860	107
2861	92
2862	119
2863	105
2864	108
2865	98
2866	103
2867	90
2868	124
2869	84
2870	100
2871	93
2872	91
2873	89
2874	83
2875	113
2876	89
2877	100
2878	97
2879	74
2880	91
2881	76
2882	100
2883	92
2884	85
2885	69
2886	81
2887	74
2888	66
2889	74
2890	80
2891	64
2892	78
2893	70
2894	67
2895	64
2896	77
2897	52
2898	69
2899	58
2900	76
2901	60
2902	54
2903	55
2904	58
2905	52
2906	73
2907	55
2908	58
2909	67
2910	57
2911	47
2912	49
2913	65
2914	57
2915	50
2916	60
2917	37
2918	52
2919	54
2920	62
2921	56
2922	60
2923	49
2924	57
2925	46
2926	62
2927	43
2928	46
2929	43
2930	56
2931	43
2932	43
2933	37
2934	39
2935	52
2936	50
2937	33
2938	50
2939	38
2940	35
2941	40
2942	37
2943	41
2944	50
2945	41
2946	33
2947	33
2948	31
2949	38
2950	32
2951	32
2952	37
2953	41
2954	28
2955	44
2956	29
2957	42
2958	24
2959	38
2960	33
2961	22
2962	27
2963	28
2964	30
2965	31
2966	29
2967	36
2968	33
2969	36
2970	22
2971	33
2972	25
2973	27
2974	38
2975	25
2976	33
2977	21
2978	25
2979	26
2980	25
2981	26
2982	20
2983	26
2984	28
2985	14
2986	31
2987	27
2988	22
2989	23
2990	15
2991	27
2992	24
2993	21
2994	28
2995	18
2996	23
2997	32
2998	23
2999	29
3000	22
3001	19
3002	17
3003	26
3004	17
3005	24
3006	29
3007	18
3008	26
3009	20
3010	14
3011	18
3012	19
3013	21
3014	17
3015	20
3016	18
3017	39
3018	21
3019	19
3020	16
3021	18
3022	31
3023	17
3024	24
3025	23
3026	21
3027	14
3028	19
3029	15
3030	19
3031	18
3032	19
3033	17
3034	17
3035	20
3036	18
3037	14
3038	17
3039	16
3040	16
3041	23
3042	17
3043	17
3044	12
3045	14
3046	18
3047	18
3048	17
3049	24
3050	16
3051	11
3052	12
3053	24
3054	17
3055	16
3056	14
3057	14
3058	20
3059	16
3060	20
3061	19
3062	16
3063	20
3064	15
3065	20
3066	12
3067	12
3068	24
3069	17
3070	17
3071	12
3072	9
3073	12
3074	27
3075	21
3076	19
3077	14
3078	11
3079	14
3080	16
3081	16
3082	17
3083	13
3084	15
3085	15
3086	20
3087	18
3088	8
3089	18
3090	15
3091	19
3092	18
3093	17
3094	19
3095	9
3096	14
3097	6
3098	14
3099	24
3100	12
3101	16
3102	21
3103	13
3104	23
3105	22
3106	14
3107	17
3108	16
3109	22
3110	21
3111	7
3112	21
3113	19
3114	7
3115	12
3116	9
3117	18
3118	18
3119	15
3120	15
3121	18
3122	16
3123	8
3124	12
3125	19
3126	16
3127	20
3128	16
3129	14
3130	11
3131	21
3132	18
3133	14
3134	14
3135	15
3136	17
3137	10
3138	20
3139	9
3140	16
3141	19
3142	17
3143	11
3144	19
3145	24
3146	16
3147	18
3148	24
3149	14
3150	14
3151	9
3152	12
3153	16
3154	13
3155	10
3156	17
3157	17
3158	17
3159	19
3160	20
3161	14
3162	19
3163	12
3164	18
3165	15
3166	19
3167	17
3168	22
3169	14
3170	16
3171	10
3172	9
3173	15
3174	8
3175	11
3176	18
3177	18
3178	22
3179	17
3180	15
3181	19
3182	20
3183	19
3184	23
3185	21
3186	14
3187	16
3188	19
3189	11
3190	17
3191	16
3192	20
3193	17
3194	15
3195	15
3196	14
3197	11
3198	16
3199	16
3200	20
3201	13
3202	19
3203	16
3204	11
3205	8
3206	17
3207	16
3208	12
3209	19
3210	20
3211	14
3212	18
3213	16
3214	7
3215	11
3216	15
3217	17
3218	16
3219	12
3220	18
3221	18
3222	11
3223	16
3224	19
3225	19
3226	20
3227	9
3228	15
3229	9
3230	21
3231	8
3232	20
3233	19
3234	14
3235	10
3236	18
3237	15
3238	14
3239	14
3240	19
3241	20
3242	19
3243	24
3244	18
3245	11
3246	20
3247	19
3248	13
3249	11
3250	20
3251	13
3252	11
3253	19
3254	14
3255	19
3256	16
3257	21
3258	20
3259	14
3260	21
3261	12
3262	14
3263	15
3264	26
3265	20
3266	15
3267	15
3268	14
3269	11
3270	14
3271	14
3272	16
3273	15
3274	10
3275	10
3276	7
3277	18
3278	13
3279	19
3280	11
3281	20
3282	13
3283	11
3284	15
3285	16
3286	23
3287	18
3288	19
3289	15
3290	21
3291	15
3292	14
3293	20
3294	12
3295	14
3296	19
3297	10
3298	15
3299	19
3300	15
3301	14
3302	13
3303	18
3304	12
3305	21
3306	12
3307	13
3308	14
3309	16
3310	16
3311	13
3312	14
3313	20
3314	17
3315	10
3316	9
3317	21
3318	19
3319	19
3320	20
3321	26
3322	19
3323	15
3324	9
3325	15
3326	8
3327	19
3328	13
3329	12
3330	9
3331	17
3332	20
3333	16
3334	15
3335	21
3336	14
3337	14
3338	16
3339	23
3340	12
3341	21
3342	17
3343	11
3344	15
3345	12
3346	17
3347	13
3348	16
3349	18
3350	25
3351	15
3352	16
3353	12
3354	13
3355	18
3356	12
3357	15
3358	16
3359	26
3360	16
3361	16
3362	16
3363	9
3364	10
3365	18
3366	15
3367	19
3368	17
3369	9
3370	16
3371	14
3372	15
3373	17
3374	15
3375	17
3376	18
3377	18
3378	14
3379	15
3380	22
3381	15
3382	19
3383	20
3384	15
3385	17
3386	13
3387	20
3388	17
3389	15
3390	15
3391	21
3392	16
3393	15
3394	16
3395	12
3396	15
3397	15
3398	12
3399	13
3400	15
3401	13
3402	23
3403	15
3404	11
3405	13
3406	7
3407	11
3408	20
3409	12
3410	11
3411	14
3412	14
3413	16
3414	15
3415	13
3416	17
3417	11
3418	23
3419	20
3420	12
3421	10
3422	11
3423	18
3424	22
3425	19
3426	11
3427	11
3428	20
3429	22
3430	15
3431	19
3432	13
3433	15
3434	17
3435	23
3436	9
3437	19
3438	16
3439	12
3440	17
3441	17
3442	9
3443	13
3444	22
3445	14
3446	14
3447	20
3448	13
3449	16
3450	17
3451	24
3452	8
3453	17
3454	16
3455	18
3456	10
3457	10
3458	13
3459	16
3460	20
3461	13
3462	16
3463	16
3464	13
3465	12
3466	14
3467	20
3468	13
3469	12
3470	21
3471	19
3472	20
3473	16
3474	23
3475	14
3476	15
3477	19
3478	16
3479	16
3480	15
3481	14
3482	13
3483	11
3484	14
3485	20
3486	14
3487	18
3488	17
3489	21
3490	13
3491	15
3492	11
3493	14
3494	12
3495	18
3496	14
3497	13
3498	8
3499	15
3500	15
3501	17
3502	23
3503	17
3504	18
3505	19
3506	17
3507	22
3508	16
3509	14
3510	14
3511	21
3512	14
3513	15
3514	11
3515	16
3516	14
3517	17
3518	15
3519	20
3520	16
3521	18
3522	19
3523	19
3524	16
3525	20
3526	12
3527	10
3528	17
3529	19
3530	18
3531	10
3532	9
3533	9
3534	7
3535	16
3536	9
3537	28
3538	14
3539	19
3540	12
3541	20
3542	20
3543	19
3544	27
3545	12
3546	19
3547	15
3548	13
3549	11
3550	17
3551	15
3552	15
3553	17
3554	12
3555	12
3556	9
3557	20
3558	18
3559	22
3560	21
3561	11
3562	24
3563	23
3564	15
3565	19
3566	12
3567	15
3568	11
3569	13
3570	12
3571	17
3572	15
3573	13
3574	12
3575	27
3576	12
3577	21
3578	15
3579	13
3580	16
3581	13
3582	13
3583	15
3584	20
3585	21
3586	18
3587	17
3588	13
3589	14
3590	21
3591	12
3592	14
3593	10
3594	13
3595	4
3596	21
3597	23
3598	20
3599	14
3600	10
3601	15
3602	17
3603	4
3604	15
3605	18
3606	11
3607	18
3608	19
3609	12
3610	10
3611	20
3612	11
3613	14
3614	18
3615	15
3616	15
3617	15
3618	13
3619	18
3620	15
3621	23
3622	7
3623	11
3624	18
3625	12
3626	20
3627	15
3628	22
3629	10
3630	24
3631	14
3632	16
3633	17
3634	12
3635	16
3636	21
3637	13
3638	21
3639	17
3640	10
3641	9
3642	17
3643	16
3644	12
3645	19
3646	22
3647	15
3648	17
3649	10
3650	14
3651	11
3652	15
3653	5
3654	20
3655	19
3656	18
3657	20
3658	15
3659	18
3660	17
3661	21
3662	20
3663	24
3664	19
3665	20
3666	24
3667	13
3668	11
3669	19
3670	18
3671	21
3672	21
3673	16
3674	14
3675	21
3676	26
3677	14
3678	21
3679	14
3680	14
3681	10
3682	22
3683	19
3684	15
3685	18
3686	14
3687	11
3688	20
3689	9
3690	19
3691	23
3692	18
3693	20
3694	12
3695	19
3696	19
3697	12
3698	15
3699	23
3700	20
3701	14
3702	22
3703	13
3704	6
3705	24
3706	12
3707	13
3708	17
3709	15
3710	16
3711	26
3712	15
3713	15
3714	10
3715	16
3716	12
3717	14
3718	18
3719	23
3720	19
3721	15
3722	10
3723	11
3724	14
3725	9
3726	21
3727	26
3728	15
3729	26
3730	20
3731	15
3732	16
3733	15
3734	18
3735	10
3736	15
3737	19
3738	24
3739	12
3740	16
3741	16
3742	12
3743	22
3744	13
3745	19
3746	17
3747	17
3748	17
3749	12
3750	18
3751	15
3752	20
3753	10
3754	20
3755	15
3756	19
3757	15
3758	19
3759	15
3760	18
3761	27
3762	12
3763	20
3764	14
3765	22
3766	13
3767	14
3768	13
3769	13
3770	12
3771	17
3772	10
3773	16
3774	15
3775	22
3776	12
3777	14
3778	20
3779	7
3780	19
3781	16
3782	11
3783	12
3784	12
3785	15
3786	14
3787	15
3788	11
3789	16
3790	19
3791	22
3792	10
3793	13
3794	14
3795	25
3796	24
3797	22
3798	13
3799	14
3800	17
3801	20
3802	15
3803	17
3804	15
3805	20
3806	14
3807	19
3808	18
3809	15
3810	19
3811	13
3812	14
3813	20
3814	18
3815	18
3816	19
3817	25
3818	16
3819	19
3820	16
3821	17
3822	17
3823	17
3824	13
3825	21
3826	17
3827	14
3828	11
3829	17
3830	11
3831	17
3832	6
3833	8
3834	14
3835	17
3836	18
3837	12
3838	10
3839	14
3840	13
3841	19
3842	16
3843	14
3844	21
3845	14
3846	10
3847	18
3848	18
3849	17
3850	9
3851	22
3852	15
3853	9
3854	20
3855	15
3856	22
3857	15
3858	19
3859	8
3860	13
3861	11
3862	13
3863	22
3864	17
3865	8
3866	15
3867	25
3868	15
3869	24
3870	16
3871	16
3872	16
3873	18
3874	18
3875	13
3876	15
3877	15
3878	21
3879	9
3880	13
3881	21
3882	15
3883	22
3884	25
3885	15
3886	13
3887	8
3888	18
3889	19
3890	14
3891	15
3892	14
3893	10
3894	17
3895	17
3896	20
3897	13
3898	19
3899	15
3900	12
3901	16
3902	21
3903	13
3904	17
3905	19
3906	21
3907	27
3908	14
3909	15
3910	12
3911	16
3912	17
3913	15
3914	24
3915	20
3916	20
3917	19
3918	15
3919	20
3920	15
3921	16
3922	11
3923	23
3924	15
3925	17
3926	14
3927	8
3928	16
3929	23
3930	14
3931	16
3932	13
3933	15
3934	18
3935	15
3936	17
3937	13
3938	17
3939	15
3940	17
3941	22
3942	11
3943	23
3944	9
3945	13
3946	15
3947	18
3948	13
3949	21
3950	17
3951	22
3952	14
3953	20
3954	19
3955	15
3956	17
3957	20
3958	15
3959	13
3960	19
3961	17
3962	8
3963	18
3964	15
3965	16
3966	18
3967	18
3968	13
3969	19
3970	25
3971	12
3972	19
3973	22
3974	17
3975	11
3976	18
3977	9
3978	18
3979	23
3980	18
3981	16
3982	13
3983	21
3984	14
3985	22
3986	13
3987	24
3988	15
3989	15
3990	22
3991	15
3992	23
3993	24
3994	16
3995	17
3996	28
3997	20
3998	14
3999	10
4000	14
4001	21
4002	20
4003	20
4004	15
4005	13
4006	20
4007	25
4008	15
4009	25
4010	17
4011	8
4012	23
4013	16
4014	19
4015	22
4016	15
4017	19
4018	13
4019	27
4020	20
4021	15
4022	13
4023	15
4024	12
4025	14
4026	15
4027	14
4028	22
4029	20
4030	24
4031	23
4032	14
4033	15
4034	9
4035	9
4036	17
4037	16
4038	21
4039	18
4040	14
4041	14
4042	17
4043	18
4044	17
4045	20
4046	13
4047	13
4048	16
4049	13
4050	20
4051	23
4052	12
4053	22
4054	23
4055	21
4056	22
4057	20
4058	19
4059	16
4060	23
4061	19
4062	24
4063	16
4064	12
4065	14
4066	15
4067	21
4068	19
4069	21
4070	8
4071	20
4072	16
4073	19
4074	23
4075	18
4076	18
4077	18
4078	16
4079	23
4080	23
4081	18
4082	14
4083	12
4084	19
4085	17
4086	12
4087	16
4088	13
4089	24
4090	14
4091	17
4092	11
4093	15
4094	22
4095	10
4096	17
4097	20
4098	16
4099	22
4100	25
4101	29
4102	14
4103	18
4104	13
4105	19
4106	22
4107	26
4108	14
4109	11
4110	15
4111	13
4112	18
4113	18
4114	11
4115	19
4116	16
4117	21
4118	18
4119	20
4120	16
4121	16
4122	18
4123	19
4124	17
4125	12
4126	20
4127	21
4128	18
4129	17
4130	23
4131	21
4132	20
4133	26
4134	23
4135	16
4136	26
4137	15
4138	16
4139	19
4140	14
4141	17
4142	18
4143	14
4144	16
4145	17
4146	14
4147	20
4148	10
4149	17
4150	12
4151	17
4152	12
4153	13
4154	13
4155	25
4156	18
4157	20
4158	24
4159	17
4160	15
4161	21
4162	20
4163	19
4164	16
4165	15
4166	16
4167	18
4168	17
4169	16
4170	24
4171	14
4172	24
4173	12
4174	15
4175	17
4176	15
4177	18
4178	25
4179	17
4180	14
4181	17
4182	10
4183	22
4184	15
4185	16
4186	14
4187	12
4188	12
4189	29
4190	24
4191	16
4192	12
4193	17
4194	20
4195	8
4196	19
4197	17
4198	17
4199	20
4200	21
4201	18
4202	9
4203	16
4204	18
4205	16
4206	22
4207	8
4208	20
4209	26
4210	16
4211	29
4212	15
4213	15
4214	19
4215	18
4216	17
4217	24
4218	15
4219	16
4220	17
4221	16
4222	20
4223	24
4224	22
4225	11
4226	18
4227	14
4228	12
4229	8
4230	23
4231	12
4232	13
4233	14
4234	14
4235	14
4236	19
4237	12
4238	22
4239	11
4240	26
4241	27
4242	19
4243	10
4244	24
4245	14
4246	22
4247	26
4248	11
4249	18
4250	22
4251	8
4252	21
4253	14
4254	16
4255	15
4256	12
4257	17
4258	21
4259	16
4260	15
4261	15
4262	17
4263	16
4264	12
4265	8
4266	13
4267	9
4268	14
4269	12
4270	18
4271	24
4272	17
4273	18
4274	17
4275	12
4276	15
4277	20
4278	15
4279	21
4280	17
4281	23
4282	13
4283	21
4284	19
4285	17
4286	14
4287	14
4288	17
4289	19
4290	17
4291	14
4292	13
4293	11
4294	19
4295	14
4296	13
4297	22
4298	17
4299	18
4300	20
4301	20
4302	28
4303	20
4304	17
4305	20
4306	22
4307	23
4308	23
4309	13
4310	18
4311	21
4312	21
4313	18
4314	21
4315	13
4316	21
4317	12
4318	18
4319	17
4320	14
4321	12
4322	9
4323	18
4324	21
4325	22
4326	23
4327	23
4328	18
4329	21
4330	14
4331	23
4332	15
4333	20
4334	18
4335	20
4336	12
4337	25
4338	20
4339	19
4340	16
4341	17
4342	20
4343	23
4344	19
4345	27
4346	16
4347	18
4348	28
4349	19
4350	23
4351	18
4352	14
4353	20
4354	30
4355	25
4356	25
4357	12
4358	16
4359	15
4360	18
4361	20
4362	19
4363	25
4364	15
4365	14
4366	11
4367	23
4368	19
4369	18
4370	18
4371	21
4372	20
4373	19
4374	15
4375	18
4376	14
4377	17
4378	25
4379	14
4380	23
4381	29
4382	18
4383	17
4384	20
4385	25
4386	14
4387	21
4388	21
4389	18
4390	14
4391	8
4392	20
4393	23
4394	19
4395	16
4396	19
4397	16
4398	14
4399	18
4400	20
4401	18
4402	16
4403	13
4404	16
4405	16
4406	16
4407	22
4408	15
4409	23
4410	14
4411	23
4412	18
4413	19
4414	19
4415	15
4416	18
4417	21
4418	19
4419	24
4420	22
4421	15
4422	16
4423	23
4424	25
4425	21
4426	20
4427	20
4428	21
4429	23
4430	15
4431	15
4432	16
4433	13
4434	20
4435	14
4436	17
4437	18
4438	23
4439	26
4440	9
4441	24
4442	17
4443	18
4444	17
4445	16
4446	23
4447	11
4448	10
4449	17
4450	21
4451	19
4452	19
4453	20
4454	20
4455	26
4456	22
4457	18
4458	20
4459	24
4460	16
4461	17
4462	21
4463	18
4464	20
4465	21
4466	13
4467	22
4468	19
4469	16
4470	16
4471	21
4472	24
4473	16
4474	14
4475	20
4476	27
4477	17
4478	10
4479	16
4480	12
4481	19
4482	11
4483	17
4484	13
4485	15
4486	10
4487	22
4488	14
4489	19
4490	10
4491	17
4492	12
4493	15
4494	24
4495	14
4496	20
4497	20
4498	26
4499	23
4500	19
4501	22
4502	18
4503	20
4504	23
4505	21
4506	15
4507	17
4508	18
4509	19
4510	27
4511	19
4512	25
4513	22
4514	22
4515	15
4516	14
4517	14
4518	24
4519	20
4520	18
4521	21
4522	20
4523	9
4524	25
4525	11
4526	18
4527	11
4528	15
4529	19
4530	17
4531	13
4532	16
4533	25
4534	26
4535	18
4536	12
4537	21
4538	22
4539	18
4540	19
4541	17
4542	24
4543	15
4544	17
4545	16
4546	22
4547	18
4548	17
4549	16
4550	22
4551	23
4552	26
4553	18
4554	26
4555	11
4556	19
4557	23
4558	23
4559	17
4560	17
4561	22
4562	20
4563	11
4564	15
4565	24
4566	16
4567	22
4568	9
4569	14
4570	18
4571	23
4572	19
4573	21
4574	25
4575	20
4576	17
4577	24
4578	18
4579	18
4580	20
4581	18
4582	27
4583	17
4584	15
4585	24
4586	18
4587	22
4588	13
4589	12
4590	22
4591	19
4592	21
4593	23
4594	16
4595	22
4596	24
4597	21
4598	17
4599	22
4600	23
4601	27
4602	17
4603	22
4604	16
4605	20
4606	11
4607	18
4608	10
4609	28
4610	20
4611	17
4612	20
4613	18
4614	9
4615	21
4616	28
4617	22
4618	15
4619	20
4620	22
4621	13
4622	23
4623	17
4624	28
4625	20
4626	26
4627	16
4628	14
4629	22
4630	23
4631	20
4632	13
4633	17
4634	13
4635	19
4636	14
4637	17
4638	15
4639	16
4640	24
4641	18
4642	23
4643	21
4644	17
4645	22
4646	34
4647	22
4648	19
4649	29
4650	21
4651	27
4652	17
4653	20
4654	26
4655	16
4656	25
4657	20
4658	25
4659	23
4660	23
4661	28
4662	21
4663	21
4664	22
4665	23
4666	21
4667	12
4668	26
4669	13
4670	21
4671	18
4672	20
4673	18
4674	20
4675	28
4676	20
4677	17
4678	22
4679	23
4680	17
4681	20
4682	19
4683	12
4684	13
4685	18
4686	22
4687	23
4688	17
4689	18
4690	12
4691	18
4692	25
4693	18
4694	16
4695	25
4696	27
4697	31
4698	19
4699	26
4700	20
4701	15
4702	22
4703	22
4704	16
4705	26
4706	21
4707	18
4708	22
4709	18
4710	21
4711	17
4712	19
4713	19
4714	18
4715	20
4716	26
4717	17
4718	26
4719	19
4720	24
4721	20
4722	11
4723	14
4724	18
4725	19
4726	14
4727	24
4728	14
4729	22
4730	15
4731	22
4732	18
4733	16
4734	20
4735	18
4736	27
4737	11
4738	27
4739	19
4740	24
4741	19
4742	16
4743	17
4744	25
4745	21
4746	19
4747	19
4748	15
4749	27
4750	24
4751	20
4752	20
4753	22
4754	21
4755	18
4756	15
4757	25
4758	16
4759	21
4760	20
4761	19
4762	16
4763	23
4764	21
4765	22
4766	25
4767	24
4768	28
4769	19
4770	20
4771	22
4772	17
4773	19
4774	22
4775	24
4776	35
4777	18
4778	23
4779	19
4780	13
4781	24
4782	18
4783	24
4784	17
4785	30
4786	12
4787	21
4788	17
4789	19
4790	18
4791	10
4792	20
4793	15
4794	13
4795	22
4796	22
4797	21
4798	20
4799	19
4800	22
4801	12
4802	20
4803	24
4804	19
4805	20
4806	31
4807	17
4808	19
4809	15
4810	22
4811	21
4812	23
4813	18
4814	19
4815	21
4816	28
4817	20
4818	23
4819	27
4820	19
4821	18
4822	22
4823	30
4824	16
4825	17
4826	28
4827	23
4828	18
4829	24
4830	16
4831	27
4832	23
4833	18
4834	17
4835	24
4836	21
4837	17
4838	22
4839	16
4840	20
4841	22
4842	20
4843	20
4844	23
4845	19
4846	26
4847	21
4848	14
4849	18
4850	28
4851	19
4852	12
4853	23
4854	23
4855	24
4856	26
4857	23
4858	27
4859	24
4860	21
4861	18
4862	20
4863	23
4864	25
4865	22
4866	22
4867	23
4868	18
4869	21
4870	20
4871	21
4872	20
4873	19
4874	23
4875	16
4876	20
4877	19
4878	13
4879	23
4880	9
4881	19
4882	26
4883	17
4884	19
4885	22
4886	18
4887	16
4888	21
4889	21
4890	18
4891	23
4892	15
4893	24
4894	29
4895	16
4896	12
4897	21
4898	22
4899	23
4900	22
4901	21
4902	20
4903	20
4904	19
4905	20
4906	20
4907	25
4908	23
4909	23
4910	23
4911	28
4912	18
4913	24
4914	20
4915	17
4916	15
4917	19
4918	20
4919	15
4920	18
4921	19
4922	24
4923	23
4924	14
4925	27
4926	19
4927	20
4928	21
4929	28
4930	17
4931	24
4932	19
4933	27
4934	15
4935	15
4936	24
4937	14
4938	30
4939	20
4940	24
4941	18
4942	24
4943	19
4944	20
4945	22
4946	16
4947	11
4948	34
4949	24
4950	26
4951	17
4952	25
4953	20
4954	20
4955	13
4956	19
4957	14
4958	18
4959	21
4960	25
4961	24
4962	16
4963	21
4964	20
4965	15
4966	28
4967	27
4968	13
4969	23
4970	16
4971	23
4972	16
4973	20
4974	18
4975	21
4976	29
4977	22
4978	28
4979	15
4980	19
4981	9
4982	16
4983	25
4984	10
4985	20
4986	25
4987	24
4988	26
4989	12
4990	19
4991	15
4992	26
4993	15
4994	22
4995	17
4996	31
4997	23
4998	13
4999	25
5000	20
5001	18
5002	24
5003	33
5004	24
5005	15
5006	14
5007	15
5008	19
5009	21
5010	24
5011	20
5012	28
5013	21
5014	14
5015	16
5016	20
5017	17
5018	15
5019	20
5020	20
5021	17
5022	19
5023	22
5024	22
5025	23
5026	17
5027	26
5028	25
5029	13
5030	16
5031	17
5032	25
5033	22
5034	27
5035	20
5036	24
5037	16
5038	22
5039	24
5040	22
5041	17
5042	18
5043	19
5044	21
5045	24
5046	14
5047	23
5048	24
5049	27
5050	24
5051	21
5052	20
5053	9
5054	14
5055	22
5056	23
5057	15
5058	24
5059	16
5060	29
5061	18
5062	22
5063	19
5064	18
5065	28
5066	24
5067	14
5068	19
5069	20
5070	23
5071	19
5072	20
5073	25
5074	21
5075	15
5076	15
5077	22
5078	16
5079	11
5080	22
5081	22
5082	21
5083	11
5084	12
5085	19
5086	16
5087	21
5088	16
5089	24
5090	15
5091	19
5092	16
5093	22
5094	20
5095	24
5096	11
5097	16
5098	28
5099	15
5100	18
5101	13
5102	20
5103	18
5104	19
5105	12
5106	11
5107	19
5108	26
5109	16
5110	13
5111	12
5112	13
5113	19
5114	13
5115	13
5116	22
5117	22
5118	14
5119	15
5120	14
5121	15
5122	15
5123	8
5124	14
5125	19
5126	10
5127	12
5128	25
5129	22
5130	10
5131	20
5132	16
5133	20
5134	15
5135	12
5136	12
5137	15
5138	14
5139	15
5140	20
5141	27
5142	18
5143	28
5144	13
5145	10
5146	10
5147	16
5148	17
5149	20
5150	12
5151	17
5152	9
5153	19
5154	16
5155	16
5156	26
5157	12
5158	8
5159	13
5160	11
5161	17
5162	10
5163	17
5164	13
5165	17
5166	9
5167	11
5168	11
5169	17
5170	18
5171	19
5172	21
5173	18
5174	23
5175	12
5176	16
5177	12
5178	13
5179	13
5180	16
5181	13
5182	20
5183	15
5184	17
5185	6
5186	20
5187	14
5188	16
5189	9
5190	10
5191	15
5192	15
5193	12
5194	10
5195	13
5196	14
5197	7
5198	18
5199	19
5200	14
5201	10
5202	18
5203	11
5204	12
5205	13
5206	19
5207	17
5208	19
5209	13
5210	22
5211	15
5212	6
5213	10
5214	9
5215	7
5216	14
5217	9
5218	18
5219	12
5220	13
5221	19
5222	11
5223	14
5224	17
5225	16
5226	10
5227	9
5228	13
5229	9
5230	8
5231	11
5232	12
5233	13
5234	10
5235	10
5236	22
5237	10
5238	9
5239	11
5240	10
5241	13
5242	14
5243	15
5244	15
5245	8
5246	12
5247	11
5248	16
5249	8
5250	12
5251	11
5252	8
5253	6
5254	12
5255	17
5256	7
5257	9
5258	9
5259	8
5260	10
5261	10
5262	22
5263	12
5264	14
5265	10
5266	10
5267	6
5268	6
5269	13
5270	10
5271	10
5272	16
5273	13
5274	10
5275	6
5276	11
5277	10
5278	12
5279	7
5280	9
5281	10
5282	8
5283	8
5284	7
5285	9
5286	13
5287	13
5288	13
5289	17
5290	8
5291	9
5292	15
5293	12
5294	8
5295	16
5296	10
5297	11
5298	14
5299	21
5300	12
5301	12
5302	19
5303	13
5304	9
5305	11
5306	8
5307	13
5308	14
5309	10
5310	8
5311	5
5312	16
5313	15
5314	5
5315	8
5316	8
5317	7
5318	11
5319	13
5320	5
5321	10
5322	10
5323	11
5324	10
5325	15
5326	9
5327	10
5328	11
5329	9
5330	14
5331	9
5332	13
5333	8
5334	8
5335	6
5336	11
5337	9
5338	8
5339	9
5340	8
5341	14
5342	10
5343	6
5344	6
5345	6
5346	9
5347	6
5348	11
5349	11
5350	9
5351	8
5352	6
5353	15
5354	8
5355	9
5356	16
5357	8
5358	6
5359	19
5360	10
5361	9
5362	13
5363	8
5364	6
5365	9
5366	5
5367	8
5368	8
5369	13
5370	4
5371	10
5372	2
5373	14
5374	3
5375	13
5376	7
5377	9
5378	8
5379	11
5380	7
5381	8
5382	15
5383	7
5384	8
5385	9
5386	8
5387	9
5388	12
5389	4
5390	10
5391	9
5392	7
5393	8
5394	13
5395	4
5396	10
5397	6
5398	5
5399	7
5400	6
5401	6
5402	11
5403	9
5404	8
5405	7
5406	7
5407	5
5408	7
5409	4
5410	4
5411	8
5412	2
5413	9
5414	3
5415	3
5416	5
5417	4
5418	6
5419	5
5420	6
5421	6
5422	9
5423	9
5424	12
5425	8
5426	12
5427	6
5428	5
5429	7
5430	5
5431	14
5432	6
5433	7
5434	5
5435	5
5436	11
5437	5
5438	6
5439	8
5440	7
5441	7
5442	8
5443	9
5444	7
5445	4
5446	6
5447	5
5448	10
5449	9
5450	9
5451	6
5452	6
5453	5
5454	9
5455	5
5456	8
5457	10
5458	7
5459	7
5460	8
5461	5
5462	3
5463	2
5464	12
5465	9
5466	7
5467	11
5468	4
5469	3
5470	11
5471	9
5472	7
5473	3
5474	9
5475	3
5476	9
5477	6
5478	7
5479	7
5480	5
5481	7
5482	9
5483	5
5484	7
5485	6
5486	6
5487	6
5488	5
5489	11
5490	9
5491	4
5492	1
5493	12
5494	6
5495	8
5496	3
5497	6
5498	5
5499	7
5500	5
5501	3
5502	8
5503	7
5504	12
5505	8
5506	6
5507	8
5508	10
5509	14
5510	3
5511	5
5512	5
5513	8
5514	5
5515	9
5516	4
5517	5
5518	4
5519	3
5520	8
5521	6
5522	5
5523	8
5524	3
5525	6
5526	5
5527	10
5528	4
5529	6
5530	7
5531	3
5532	5
5533	8
5534	5
5535	2
5536	6
5537	6
5538	8
5539	6
5540	7
5541	7
5542	2
5543	10
5544	4
5545	4
5546	7
5547	3
5548	6
5549	6
5550	2
5551	8
5552	4
5553	6
5554	6
5555	6
5556	6
5557	4
5558	6
5559	6
5560	6
5561	3
5562	9
5563	4
5564	2
5565	4
5566	3
5567	8
5568	4
5569	5
5570	4
5571	8
5572	5
5573	6
5574	1
5575	8
5576	4
5577	6
5578	5
5579	4
5580	3
5581	2
5582	0
5583	4
5584	6
5585	2
5586	5
5587	3
5588	3
5589	6
5590	6
5591	7
5592	3
5593	3
5594	3
5595	7
5596	1
5597	5
5598	2
5599	5
5600	7
5601	6
5602	6
5603	2
5604	4
5605	4
5606	5
5607	2
5608	10
5609	2
5610	2
5611	5
5612	2
5613	5
5614	5
5615	3
5616	1
5617	2
5618	4
5619	4
5620	2
5621	4
5622	3
5623	6
5624	6
5625	7
5626	2
5627	5
5628	2
5629	2
5630	4
5631	6
5632	3
5633	3
5634	4
5635	6
5636	3
5637	3
5638	7
5639	3
5640	8
5641	2
5642	6
5643	5
5644	3
5645	8
5646	1
5647	1
5648	4
5649	3
5650	2
5651	6
5652	2
5653	3
5654	4
5655	3
5656	2
5657	3
5658	1
5659	3
5660	9
5661	3
5662	4
5663	2
5664	6
5665	9
5666	1
5667	3
5668	4
5669	2
5670	2
5671	4
5672	4
5673	7
5674	1
5675	4
5676	4
5677	5
5678	10
5679	4
5680	2
5681	4
5682	4
5683	5
5684	3
5685	3
5686	6
5687	4
5688	4
5689	4
5690	4
5691	6
5692	5
5693	2
5694	3
5695	5
5696	3
5697	7
5698	5
5699	5
5700	6
5701	2
5702	7
5703	4
5704	2
5705	5
5706	4
5707	5
5708	1
5709	4
5710	4
5711	5
5712	3
5713	4
5714	1
5715	2
5716	3
5717	3
5718	1
5719	3
5720	0
5721	3
5722	2
5723	5
5724	9
5725	2
5726	5
5727	7
5728	2
5729	0
5730	4
5731	2
5732	0
5733	5
5734	2
5735	3
5736	3
5737	5
5738	4
5739	3
5740	4
5741	4
5742	2
5743	2
5744	3
5745	7
5746	1
5747	5
5748	5
5749	3
5750	3
5751	2
5752	4
5753	1
5754	2
5755	6
5756	2
5757	6
5758	2
5759	2
5760	11
5761	4
5762	4
5763	3
5764	5
5765	2
5766	3
5767	3
5768	6
5769	4
5770	4
5771	6
5772	5
5773	3
5774	6
5775	7
5776	2
5777	1
5778	4
5779	2
5780	4
5781	3
5782	2
5783	2
5784	4
5785	7
5786	3
5787	5
5788	2
5789	2
5790	4
5791	6
5792	1
5793	4
5794	2
5795	4
5796	1
5797	4
5798	2
5799	4
5800	1
5801	4
5802	3
5803	5
5804	2
5805	2
5806	5
5807	4
5808	6
5809	5
5810	7
5811	6
5812	3
5813	3
5814	2
5815	3
5816	7
5817	4
5818	4
5819	6
5820	4
5821	1
5822	5
5823	3
5824	3
5825	6
5826	3
5827	4
5828	8
5829	3
5830	1
5831	4
5832	3
5833	4
5834	2
5835	2
5836	3
5837	8
5838	1
5839	1
5840	6
5841	2
5842	1
5843	3
5844	6
5845	3
5846	3
5847	1
5848	2
5849	3
5850	1
5851	3
5852	5
5853	7
5854	4
5855	6
5856	3
5857	2
5858	7
5859	1
5860	2
5861	5
5862	1
5863	6
5864	7
5865	1
5866	5
5867	4
5868	5
5869	2
5870	7
5871	5
5872	4
5873	2
5874	6
5875	3
5876	3
5877	3
5878	2
5879	3
5880	5
5881	5
5882	6
5883	5
5884	3
5885	5
5886	5
5887	2
5888	2
5889	3
5890	5
5891	4
5892	5
5893	4
5894	2
5895	2
5896	6
5897	8
5898	5
5899	2
5900	4
5901	5
5902	2
5903	6
5904	7
5905	4
5906	2
5907	4
5908	2
5909	4
5910	4
5911	2
5912	8
5913	4
5914	4
5915	4
5916	6
5917	8
5918	2
5919	4
5920	4
5921	7
5922	5
5923	5
5924	4
5925	1
5926	10
5927	4
5928	9
5929	4
5930	4
5931	4
5932	8
5933	5
5934	4
5935	6
5936	6
5937	8
5938	6
5939	4
5940	4
5941	3
5942	6
5943	7
5944	0
5945	8
5946	3
5947	5
5948	4
5949	6
5950	11
5951	6
5952	5
5953	8
5954	7
5955	8
5956	5
5957	9
5958	6
5959	4
5960	5
5961	7
5962	5
5963	7
5964	8
5965	3
5966	3
5967	6
5968	5
5969	11
5970	5
5971	4
5972	4
5973	5
5974	6
5975	8
5976	4
5977	7
5978	6
5979	5
5980	3
5981	7
5982	4
5983	7
5984	6
5985	4
5986	6
5987	5
5988	11
5989	8
5990	5
5991	6
5992	9
5993	6
5994	6
5995	5
5996	13
5997	13
5998	10
5999	10
6000	10
6001	4
6002	7
6003	12
6004	9
6005	10
6006	9
6007	12
6008	10
6009	11
6010	9
6011	17
6012	9
6013	8
6014	9
6015	11
6016	10
6017	6
6018	9
6019	13
6020	16
6021	15
6022	9
6023	6
6024	9
6025	12
6026	7
6027	8
6028	11
6029	8
6030	7
6031	12
6032	7
6033	12
6034	10
6035	11
6036	18
6037	14
6038	6
6039	11
6040	13
6041	10
6042	10
6043	8
6044	7
6045	20
6046	13
6047	13
6048	13
6049	5
6050	9
6051	10
6052	21
6053	9
6054	14
6055	15
6056	18
6057	9
6058	14
6059	11
6060	8
6061	18
6062	16
6063	10
6064	16
6065	14
6066	5
6067	13
6068	17
6069	11
6070	14
6071	9
6072	14
6073	15
6074	12
6075	14
6076	7
6077	18
6078	18
6079	15
6080	12
6081	14
6082	11
6083	22
6084	13
6085	13
6086	15
6087	19
6088	18
6089	15
6090	12
6091	20
6092	12
6093	19
6094	17
6095	21
6096	14
6097	15
6098	9
6099	14
6100	17
6101	17
6102	18
6103	27
6104	15
6105	16
6106	16
6107	14
6108	13
6109	19
6110	17
6111	21
6112	21
6113	20
6114	22
6115	19
6116	14
6117	19
6118	23
6119	15
6120	19
6121	22
6122	16
6123	18
6124	24
6125	21
6126	24
6127	18
6128	21
6129	17
6130	16
6131	23
6132	22
6133	26
6134	22
6135	23
6136	22
6137	18
6138	19
6139	28
6140	24
6141	22
6142	28
6143	19
6144	22
6145	21
6146	27
6147	25
6148	18
6149	18
6150	18
6151	28
6152	18
6153	23
6154	23
6155	17
6156	17
6157	19
6158	17
6159	14
6160	29
6161	26
6162	23
6163	24
6164	20
6165	30
6166	25
6167	20
6168	18
6169	27
6170	22
6171	21
6172	27
6173	27
6174	20
6175	24
6176	17
6177	25
6178	26
6179	33
6180	35
6181	26
6182	30
6183	22
6184	25
6185	23
6186	31
6187	32
6188	22
6189	25
6190	22
6191	30
6192	27
6193	35
6194	25
6195	30
6196	29
6197	28
6198	29
6199	24
6200	31
6201	34
6202	28
6203	30
6204	26
6205	37
6206	24
6207	28
6208	34
6209	21
6210	35
6211	34
6212	39
6213	30
6214	29
6215	44
6216	35
6217	28
6218	35
6219	40
6220	35
6221	41
6222	47
6223	35
6224	24
6225	33
6226	27
6227	43
6228	29
6229	33
6230	30
6231	35
6232	29
6233	36
6234	37
6235	32
6236	23
6237	39
6238	46
6239	33
6240	33
6241	35
6242	30
6243	39
6244	33
6245	33
6246	37
6247	35
6248	41
6249	41
6250	31
6251	28
6252	47
6253	45
6254	39
6255	43
6256	38
6257	31
6258	41
6259	36
6260	45
6261	34
6262	35
6263	41
6264	49
6265	47
6266	31
6267	32
6268	42
6269	37
6270	43
6271	41
6272	27
6273	33
6274	40
6275	46
6276	43
6277	30
6278	44
6279	34
6280	40
6281	41
6282	44
6283	45
6284	37
6285	47
6286	34
6287	37
6288	36
6289	37
6290	43
6291	39
6292	41
6293	33
6294	54
6295	43
6296	36
6297	47
6298	39
6299	44
6300	48
6301	41
6302	38
6303	39
6304	45
6305	42
6306	40
6307	38
6308	49
6309	48
6310	41
6311	50
6312	55
6313	47
6314	40
6315	54
6316	42
6317	43
6318	48
6319	40
6320	38
6321	39
6322	41
6323	42
6324	42
6325	41
6326	43
6327	48
6328	48
6329	40
6330	51
6331	40
6332	40
6333	41
6334	39
6335	40
6336	53
6337	38
6338	43
6339	51
6340	47
6341	39
6342	51
6343	32
6344	37
6345	32
6346	35
6347	58
6348	47
6349	45
6350	38
6351	50
6352	35
6353	30
6354	50
6355	55
6356	33
6357	51
6358	33
6359	42
6360	48
6361	40
6362	40
6363	42
6364	39
6365	37
6366	31
6367	50
6368	45
6369	49
6370	43
6371	40
6372	47
6373	59
6374	33
6375	52
6376	35
6377	43
6378	53
6379	32
6380	45
6381	38
6382	53
6383	38
6384	32
6385	50
6386	39
6387	46
6388	42
6389	39
6390	40
6391	46
6392	42
6393	31
6394	37
6395	53
6396	45
6397	41
6398	42
6399	66
6400	32
6401	48
6402	39
6403	47
6404	36
6405	35
6406	48
6407	37
6408	37
6409	38
6410	40
6411	53
6412	43
6413	53
6414	35
6415	47
6416	43
6417	34
6418	47
6419	40
6420	42
6421	38
6422	51
6423	33
6424	40
6425	49
6426	34
6427	31
6428	43
6429	49
6430	46
6431	43
6432	41
6433	51
6434	33
6435	37
6436	42
6437	38
6438	44
6439	35
6440	43
6441	45
6442	49
6443	37
6444	27
6445	41
6446	45
6447	47
6448	50
6449	44
6450	48
6451	40
6452	38
6453	45
6454	44
6455	35
6456	38
6457	29
6458	48
6459	32
6460	38
6461	42
6462	49
6463	29
6464	36
6465	50
6466	34
6467	29
6468	31
6469	34
6470	36
6471	44
6472	41
6473	33
6474	49
6475	46
6476	57
6477	35
6478	47
6479	36
6480	38
6481	38
6482	33
6483	28
6484	49
6485	25
6486	37
6487	33
6488	37
6489	34
6490	37
6491	30
6492	35
6493	32
6494	30
6495	26
6496	32
6497	43
6498	41
6499	33
6500	40
6501	34
6502	30
6503	31
6504	38
6505	42
6506	32
6507	31
6508	31
6509	35
6510	28
6511	31
6512	25
6513	39
6514	40
6515	33
6516	34
6517	25
6518	26
6519	31
6520	26
6521	21
6522	29
6523	23
6524	21
6525	21
6526	33
6527	33
6528	28
6529	28
6530	22
6531	27
6532	28
6533	26
6534	32
6535	36
6536	29
6537	24
6538	33
6539	33
6540	28
6541	23
6542	24
6543	32
6544	35
6545	40
6546	28
6547	28
6548	28
6549	35
6550	27
6551	32
6552	34
6553	36
6554	16
6555	18
6556	23
6557	26
6558	33
6559	33
6560	30
6561	21
6562	25
6563	31
6564	26
6565	30
6566	24
6567	20
6568	24
6569	20
6570	39
6571	25
6572	25
6573	24
6574	29
6575	37
6576	27
6577	24
6578	14
6579	26
6580	25
6581	27
6582	22
6583	29
6584	26
6585	28
6586	28
6587	18
6588	18
6589	24
6590	25
6591	15
6592	18
6593	20
6594	31
6595	20
6596	28
6597	18
6598	25
6599	18
6600	20
6601	23
6602	19
6603	25
6604	19
6605	30
6606	19
6607	15
6608	22
6609	24
6610	19
6611	19
6612	12
6613	25
6614	14
6615	16
6616	19
6617	24
6618	17
6619	18
6620	14
6621	23
6622	18
6623	21
6624	13
6625	29
6626	24
6627	14
6628	13
6629	18
6630	20
6631	19
6632	12
6633	17
6634	14
6635	22
6636	16
6637	17
6638	15
6639	19
6640	12
6641	13
6642	15
6643	13
6644	18
6645	16
6646	15
6647	19
6648	16
6649	17
6650	18
6651	12
6652	13
6653	9
6654	11
6655	15
6656	15
6657	13
6658	12
6659	18
6660	14
6661	7
6662	14
6663	12
6664	17
6665	11
6666	11
6667	10
6668	11
6669	5
6670	11
6671	8
6672	14
6673	11
6674	7
6675	11
6676	15
6677	17
6678	12
6679	11
6680	12
6681	11
6682	7
6683	11
6684	10
6685	8
6686	12
6687	13
6688	7
6689	7
6690	10
6691	13
6692	11
6693	9
6694	11
6695	7
6696	9
6697	14
6698	13
6699	6
6700	5
6701	6
6702	13
6703	7
6704	13
6705	7
6706	14
6707	12
6708	12
6709	9
6710	14
6711	10
6712	4
6713	9
6714	8
6715	11
6716	8
6717	5
6718	4
6719	8
6720	4
6721	8
6722	7
6723	4
6724	10
6725	7
6726	8
6727	10
6728	11
6729	7
6730	4
6731	12
6732	8
6733	7
6734	5
6735	9
6736	6
6737	10
6738	8
6739	3
6740	9
6741	3
6742	10
6743	6
6744	11
6745	8
6746	5
6747	4
6748	7
6749	4
6750	6
6751	12
6752	4
6753	3
6754	11
6755	7
6756	6
6757	9
6758	3
6759	6
6760	9
6761	9
6762	10
6763	6
6764	6
6765	2
6766	11
6767	3
6768	5
6769	5
6770	2
6771	4
6772	5
6773	8
6774	4
6775	7
6776	5
6777	7
6778	4
6779	3
6780	5
6781	5
6782	5
6783	1
6784	6
6785	5
6786	3
6787	8
6788	4
6789	1
6790	7
6791	2
6792	8
6793	5
6794	2
6795	4
6796	2
6797	5
6798	4
6799	4
6800	7
6801	3
6802	5
6803	4
6804	3
6805	3
6806	8
6807	4
6808	5
6809	2
6810	3
6811	4
6812	3
6813	1
6814	3
6815	4
6816	1
6817	3
6818	3
6819	3
6820	4
6821	3
6822	3
6823	4
6824	3
6825	4
6826	4
6827	4
6828	2
6829	2
6830	2
6831	4
6832	6
6833	0
6834	0
6835	3
6836	1
6837	4
6838	3
6839	2
6840	0
6841	2
6842	5
6843	4
6844	3
6845	1
6846	1
6847	1
6848	2
6849	2
6850	3
6851	2
6852	1
6853	2
6854	4
6855	2
6856	1
6857	2
6858	1
6859	1
6860	2
6861	1
6862	0
6863	4
6864	3
6865	0
6866	0
6867	3
6868	1
6869	3
6870	1
6871	0
6872	1
6873	3
6874	1
6875	1
6876	1
6877	2
6878	1
6879	1
6880	4
6881	1
6882	2
6883	0
6884	1
6885	2
6886	4
6887	3
6888	0
6889	0
6890	1
6891	1
6892	2
6893	0
6894	2
6895	0
6896	1
6897	2
6898	4
6899	1
6900	0
6901	1
6902	2
6903	0
6904	1
6905	4
6906	3
6907	1
6908	0
6909	2
6910	0
6911	1
6912	1
6913	0
6914	0
6915	1
6916	0
6917	3
6918	1
6919	0
6920	2
6921	0
6922	1
6923	0
6924	0
6925	1
6926	1
6927	0
6928	2
6929	0
6930	1
6931	0
6932	0
6933	0
6934	0
6935	1
6936	0
6937	0
6938	2
6939	3
6940	2
6941	0
6942	1
6943	2
6944	1
6945	0
6946	0
6947	0
6948	2
6949	0
6950	2
6951	1
6952	0
6953	2
6954	0
6955	0
6956	0
6957	0
6958	0
6959	1
6960	0
6961	0
6962	0
6963	1
6964	0
6965	1
6966	1
6967	1
6968	1
6969	0
6970	0
6971	0
6972	3
6973	1
6974	0
6975	0
6976	0
6977	1
6978	3
6979	0
6980	1
6981	1
6982	0
6983	0
6984	1
6985	0
6986	2
6987	0
6988	0
6989	2
6990	1
6991	1
6992	0
6993	0
6994	0
6995	0
6996	2
6997	0
6998	0
6999	2
7000	0
7001	0
7002	1
7003	0
7004	0
7005	1
7006	2
7007	0
7008	0
7009	0
7010	1
7011	0
7012	1
7013	1
7014	0
7015	0
7016	0
7017	0
7018	0
7019	0
7020	1
7021	0
7022	0
7023	0
7024	0
7025	0
7026	1
7027	0
7028	0
7029	0
7030	1
7031	0
7032	0
7033	0
7034	0
7035	1
7036	0
7037	1
7038	0
7039	0
7040	0
7041	1
7042	0
7043	0
7044	0
7045	0
7046	1
7047	0
7048	1
7049	0
7050	0
7051	1
7052	0
7053	1
7054	0
7055	0
7056	0
7057	1
7058	0
7059	0
7060	1
7061	1
7062	0
7063	0
7064	1
7065	0
7066	0
7067	0
7068	1
7069	0
7070	0
7071	0
7072	0
7073	0
7074	1
7075	0
7076	0
7077	0
7078	1
7079	0
7080	0
7081	1
7082	0
7083	0
7084	0
7085	0
7086	1
7087	0
7088	0
7089	1
7090	1
7091	0
7092	1
7093	1
7094	0
7095	0
7096	0
7097	1
7098	0
7099	0
7100	0
7101	0
7102	0
7103	0
7104	0
7105	0
7106	1
7107	0
7108	0
7109	0
7110	0
7111	0
7112	2
7113	1
7114	0
7115	1
7116	1
7117	1
7118	0
7119	1
7120	0
7121	0
7122	0
7123	0
7124	0
7125	0
7126	0
7127	0
7128	0
7129	0
7130	0
7131	1
7132	0
7133	0
7134	0
7135	1
7136	1
7137	0
7138	1
7139	0
7140	0
7141	0
7142	2
7143	0
7144	0
7145	0
7146	0
7147	0
7148	1
7149	0
7150	0
7151	0
7152	0
7153	0
7154	0
7155	0
7156	0
7157	0
7158	0
7159	0
7160	0
7161	0
7162	0
7163	0
7164	0
7165	1
7166	0
7167	0
7168	0
7169	0
7170	2
7171	0
7172	0
7173	0
7174	0
7175	0
7176	0
7177	0
7178	0
7179	0
7180	0
7181	0
7182	0
7183	0
7184	1
7185	1
7186	0
7187	0
7188	1
7189	0
7190	0
7191	0
7192	0
7193	0
7194	1
7195	0
7196	2
7197	0
7198	1
7199	2
7200	0
7201	0
7202	1
7203	0
7204	0
7205	1
7206	0
7207	0
7208	1
7209	0
7210	0
7211	0
7212	0
7213	1
7214	1
7215	0
7216	1
7217	1
7218	0
7219	0
7220	1
7221	0
7222	0
7223	0
7224	0
7225	1
7226	0
7227	2
7228	0
7229	0
7230	0
7231	0
7232	0
7233	0
7234	0
7235	1
7236	0
7237	0
7238	1
7239	0
7240	2
7241	0
7242	0
7243	1
7244	0
7245	0
7246	1
7247	0
7248	0
7249	0
7250	0
7251	1
7252	0
7253	0
7254	1
7255	0
7256	0
7257	1
7258	0
7259	1
7260	0
7261	0
7262	0
7263	1
7264	0
7265	0
7266	1
7267	1
7268	1
7269	1
7270	0
7271	1
7272	0
7273	1
7274	0
7275	0
7276	1
7277	0
7278	0
7279	1
7280	1
7281	0
7282	0
7283	0
7284	0
7285	1
7286	0
7287	0
7288	0
7289	0
7290	0
7291	0
7292	0
7293	0
7294	1
7295	1
7296	0
7297	0
7298	0
7299	1
7300	1
7301	0
7302	0
7303	0
7304	0
7305	0
7306	0
7307	1
7308	0
7309	0
7310	0
7311	0
7312	0
7313	0
7314	0
7315	1
7316	0
7317	0
7318	0
7319	0
7320	0
7321	0
7322	0
7323	0
7324	2
7325	3
7326	0
7327	0
7328	0
7329	0
7330	0
7331	1
7332	0
7333	1
7334	0
7335	0
7336	0
7337	0
7338	0
7339	0
7340	0
7341	0
7342	0
7343	0
7344	1
7345	0
7346	0
7347	0
7348	0
7349	0
7350	1
7351	0
7352	1
7353	0
7354	1
7355	1
7356	0
7357	0
7358	0
7359	0
7360	1
7361	0
7362	1
7363	0
7364	1
7365	0
7366	0
7367	0
7368	0
7369	0
7370	0
7371	1
7372	0
7373	0
7374	1
7375	0
7376	0
7377	1
7378	0
7379	0
7380	0
7381	0
7382	0
7383	0
7384	0
7385	1
7386	0
7387	0
7388	1
7389	0
7390	1
7391	0
7392	0
7393	0
7394	0
7395	0
7396	0
7397	1
7398	0
7399	0
7400	1
7401	1
7402	0
7403	0
7404	0
7405	0
7406	0
7407	1
7408	0
7409	0
7410	0
7411	1
7412	0
7413	0
7414	1
7415	0
7416	0
7417	1
7418	0
7419	0
7420	0
7421	0
7422	0
7423	0
7424	0
7425	0
7426	0
7427	0
7428	0
7429	0
7430	0
7431	0
7432	0
7433	0
7434	0
7435	0
7436	0
7437	0
7438	0
7439	0
7440	0
7441	0
7442	0
7443	0
7444	0
7445	1
7446	0
7447	0
7448	0
7449	0
7450	0
7451	0
7452	0
7453	0
7454	0
7455	0
7456	0
7457	0
7458	1
7459	0
7460	0
7461	1
7462	0
7463	0
7464	1
7465	0
7466	0
7467	0
7468	0
7469	0
7470	0
7471	0
7472	0
7473	0
7474	0
7475	0
7476	0
7477	0
7478	0
7479	0
7480	0
7481	0
7482	0
7483	0
7484	0
7485	0
7486	0
7487	0
7488	0
7489	0
7490	0
7491	0
7492	0
7493	0
7494	0
7495	0
7496	0
7497	0
7498	0
7499	0
7500	0
7501	0
7502	0
7503	0
7504	0
7505	0
7506	0
7507	0
7508	0
7509	0
7510	0
7511	0
7512	0
7513	0
7514	0
7515	0
7516	0
7517	0
7518	0
7519	0
7520	0
7521	0
7522	0
7523	0
7524	0
7525	0
7526	0
7527	0
7528	0
7529	0
7530	0
7531	0
7532	0
7533	0
7534	0
7535	0
7536	0
7537	0
7538	0
7539	0
7540	0
7541	0
7542	0
7543	0
7544	0
7545	0
7546	0
7547	0
7548	0
7549	0
7550	0
7551	0
7552	0
7553	0
7554	0
7555	0
7556	0
7557	0
7558	0
7559	0
7560	0
7561	0
7562	0
7563	0
7564	0
7565	0
7566	0
7567	0
7568	0
7569	0
7570	0
7571	0
7572	0
7573	0
7574	0
7575	0
7576	0
7577	0
7578	0
7579	0
7580	0
7581	0
7582	0
7583	0
7584	0
7585	0
7586	0
7587	0
7588	0
7589	0
7590	0
7591	0
7592	0
7593	0
7594	0
7595	0
7596	0
7597	0
7598	0
7599	0
7600	0
7601	0
7602	0
7603	0
7604	0
7605	0
7606	0
7607	0
7608	0
7609	0
7610	0
7611	0
7612	0
7613	0
7614	0
7615	0
7616	0
7617	0
7618	0
7619	0
7620	0
7621	0
7622	0
7623	0
7624	0
7625	0
7626	0
7627	0
7628	0
7629	0
7630	0
7631	0
7632	0
7633	0
7634	0
7635	0
7636	0
7637	0
7638	0
7639	0
7640	0
7641	0
7642	0
7643	0
7644	0
7645	0
7646	0
7647	0
7648	0
7649	0
7650	0
7651	0
7652	0
7653	0
7654	0
7655	0
7656	0
7657	0
7658	0
7659	0
7660	0
7661	0
7662	0
7663	0
7664	0
7665	0
7666	0
7667	0
7668	0
7669	0
7670	0
7671	0
7672	0
7673	0
7674	0
7675	0
7676	0
7677	0
7678	0
7679	0
7680	0
7681	0
7682	0
7683	0
7684	0
7685	0
7686	0
7687	0
7688	0
7689	0
7690	0
7691	0
7692	0
7693	0
7694	0
7695	0
7696	0
7697	0
7698	0
7699	0
7700	0
7701	0
7702	0
7703	0
7704	0
7705	0
7706	0
7707	0
7708	0
7709	0
7710	0
7711	0
7712	0
7713	0
7714	0
7715	0
7716	0
7717	0
7718	0
7719	0
7720	0
7721	0
7722	0
7723	0
7724	0
7725	0
7726	0
7727	0
7728	0
7729	0
7730	0
7731	0
7732	0
7733	0
7734	0
7735	0
7736	0
7737	0
7738	0
7739	0
7740	0
7741	0
7742	0
7743	0
7744	0
7745	0
7746	0
7747	0
7748	0
7749	0
7750	0
7751	0
7752	0
7753	0
7754	0
7755	0
7756	0
7757	0
7758	0
7759	0
7760	0
7761	0
7762	0
7763	0
7764	0
7765	0
7766	0
7767	0
7768	0
7769	0
7770	0
7771	0
7772	0
7773	0
7774	0
7775	0
7776	0
7777	0
7778	0
7779	0
7780	0
7781	0
7782	0
7783	0
7784	0
7785	0
7786	0
7787	0
7788	0
7789	0
7790	0
7791	0
7792	0
7793	0
7794	0
7795	0
7796	0
7797	0
7798	0
7799	0
7800	0
7801	0
7802	0
7803	0
7804	0
7805	0
7806	0
7807	0
7808	0
7809	0
7810	0
7811	0
7812	0
7813	0
7814	0
7815	0
7816	0
7817	0
7818	0
7819	0
7820	0
7821	0
7822	0
7823	0
7824	0
7825	0
7826	0
7827	0
7828	0
7829	0
7830	0
7831	0
7832	0
7833	0
7834	0
7835	0
7836	0
7837	0
7838	0
7839	0
7840	0
7841	0
7842	0
7843	0
7844	0
7845	0
7846	0
7847	0
7848	0
7849	0
7850	0
7851	0
7852	0
7853	0
7854	0
7855	0
7856	0
7857	0
7858	0
7859	0
7860	0
7861	0
7862	0
7863	0
7864	0
7865	0
7866	0
7867	0
7868	0
7869	0
7870	0
7871	0
7872	0
7873	0
7874	0
7875	0
7876	0
7877	0
7878	0
7879	0
7880	0
7881	0
7882	0
7883	0
7884	0
7885	0
7886	0
7887	0
7888	0
7889	0
7890	0
7891	0
7892	0
7893	0
7894	0
7895	0
7896	0
7897	0
7898	0
7899	0
7900	0
7901	0
7902	0
7903	0
7904	0
7905	0
7906	0
7907	0
7908	0
7909	0
7910	0
7911	0
7912	0
7913	0
7914	0
7915	0
7916	0
7917	0
7918	0
7919	0
7920	0
7921	0
7922	0
7923	0
7924	0
7925	0
7926	0
7927	0
7928	0
7929	0
7930	0
7931	0
7932	0
7933	0
7934	0
7935	0
7936	0
7937	0
7938	0
7939	0
7940	0
7941	0
7942	0
7943	0
7944	0
7945	0
7946	0
7947	0
7948	0
7949	0
7950	0
7951	0
7952	0
7953	0
7954	0
7955	0
7956	0
7957	0
7958	0
7959	0
7960	0
7961	0
7962	0
7963	0
7964	0
7965	0
7966	0
7967	0
7968	0
7969	0
7970	0
7971	0
7972	0
7973	0
7974	0
7975	0
7976	0
7977	0
7978	0
7979	0
7980	0
7981	0
7982	0
7983	0
7984	0
7985	0
7986	0
7987	0
7988	0
7989	0
7990	0
7991	0
7992	0
7993	0
7994	0
7995	0
7996	0
7997	0
7998	0
7999	0
8000	0
8001	0
8002	0
8003	0
8004	0
8005	0
8006	0
8007	0
8008	0
8009	0
8010	0
8011	0
8012	0
8013	0
8014	0
8015	0
8016	0
8017	0
8018	0
8019	0
8020	0
8021	0
8022	0
8023	0
8024	0
8025	0
8026	0
8027	0
8028	0
8029	0
8030	0
8031	0
8032	0
8033	0
8034	0
8035	0
8036	0
8037	0
8038	0
8039	0
8040	0
8041	0
8042	0
8043	0
8044	0
8045	0
8046	0
8047	0
8048	0
8049	0
8050	0
8051	0
8052	0
8053	0
8054	0
8055	0
8056	0
8057	0
8058	0
8059	0
8060	0
8061	0
8062	0
8063	0
8064	0
8065	0
8066	0
8067	0
8068	0
8069	0
8070	0
8071	0
8072	0
8073	0
8074	0
8075	0
8076	0
8077	0
8078	0
8079	0
8080	0
8081	0
8082	0
8083	0
8084	0
8085	0
8086	0
8087	0
8088	0
8089	0
8090	0
8091	0
8092	0
8093	0
8094	0
8095	0
8096	0
8097	0
8098	0
8099	0
8100	0
8101	0
8102	0
8103	0
8104	0
8105	0
8106	0
8107	0
8108	0
8109	0
8110	0
8111	0
8112	0
8113	0
8114	0
8115	0
8116	0
8117	0
8118	0
8119	0
8120	0
8121	0
8122	0
8123	0
8124	0
8125	0
8126	0
8127	0
8128	0
8129	0
8130	0
8131	0
8132	0
8133	0
8134	0
8135	0
8136	0
8137	0
8138	0
8139	0
8140	0
8141	0
8142	0
8143	0
8144	0
8145	0
8146	0
8147	0
8148	0
8149	0
8150	0
8151	0
8152	0
8153	0
8154	0
8155	0
8156	0
8157	0
8158	0
8159	0
8160	0
8161	0
8162	0
8163	0
8164	0
8165	0
8166	0
8167	0
8168	0
8169	0
8170	0
8171	0
8172	0
8173	0
8174	0
8175	0
8176	0
8177	0
8178	0
8179	0
8180	0
8181	0
8182	0
8183	0
8184	0
8185	0
8186	0
8187	0
8188	0
8189	0
8190	0
8191	0
8192	0
