1	0
2	0
3	0
4	0
5	0
6	0
7	0
8	0
9	0
10	0
11	0
12	0
13	0
14	0
15	0
16	0
17	0
18	0
19	0
20	0
21	0
22	0
23	0
24	0
25	0
26	0
27	0
28	0
29	0
30	0
31	0
32	0
33	0
34	0
35	0
36	1
37	0
38	0
39	0
40	0
41	0
42	0
43	0
44	0
45	0
46	2
47	0
48	0
49	0
50	0
51	0
52	0
53	0
54	0
55	0
56	0
57	0
58	4
59	15
60	34
61	28
62	39
63	36
64	46
65	41
66	38
67	37
68	42
69	36
70	35
71	37
72	50
73	39
74	35
75	38
76	40
77	41
78	42
79	36
80	29
81	33
82	41
83	36
84	33
85	39
86	44
87	48
88	41
89	43
90	42
91	41
92	39
93	46
94	49
95	47
96	59
97	50
98	44
99	38
100	39
101	43
102	38
103	31
104	41
105	41
106	48
107	39
108	39
109	36
110	45
111	51
112	33
113	45
114	34
115	30
116	35
117	44
118	37
119	46
120	45
121	44
122	40
123	39
124	49
125	39
126	37
127	41
128	48
129	41
130	40
131	27
132	42
133	40
134	52
135	46
136	35
137	38
138	44
139	42
140	26
141	34
142	46
143	36
144	31
145	49
146	45
147	32
148	42
149	59
150	45
151	41
152	48
153	46
154	43
155	34
156	49
157	49
158	41
159	33
160	46
161	37
162	45
163	51
164	48
165	55
166	39
167	49
168	42
169	41
170	38
171	38
172	54
173	40
174	37
175	36
176	55
177	31
178	48
179	48
180	56
181	38
182	43
183	39
184	43
185	36
186	62
187	50
188	51
189	42
190	43
191	52
192	54
193	36
194	53
195	35
196	41
197	38
198	47
199	45
200	46
201	34
202	35
203	63
204	35
205	39
206	38
207	47
208	44
209	55
210	54
211	44
212	48
213	48
214	43
215	45
216	41
217	44
218	41
219	50
220	40
221	35
222	48
223	45
224	32
225	42
226	55
227	44
228	42
229	38
230	49
231	46
232	43
233	36
234	42
235	44
236	55
237	36
238	43
239	50
240	30
241	42
242	47
243	48
244	35
245	47
246	51
247	36
248	59
249	59
250	46
251	45
252	46
253	45
254	50
255	55
256	52
257	49
258	37
259	47
260	44
261	56
262	50
263	39
264	60
265	50
266	57
267	40
268	40
269	46
270	45
271	42
272	65
273	48
274	46
275	62
276	44
277	42
278	51
279	45
280	47
281	42
282	43
283	42
284	56
285	37
286	58
287	47
288	52
289	47
290	45
291	47
292	50
293	33
294	38
295	40
296	35
297	56
298	42
299	43
300	51
301	49
302	53
303	41
304	36
305	37
306	54
307	41
308	42
309	47
310	56
311	51
312	39
313	49
314	38
315	35
316	48
317	45
318	52
319	44
320	53
321	45
322	50
323	53
324	61
325	52
326	40
327	43
328	53
329	41
330	54
331	42
332	54
333	43
334	47
335	48
336	63
337	56
338	43
339	56
340	60
341	36
342	48
343	41
344	54
345	60
346	35
347	36
348	53
349	45
350	56
351	54
352	35
353	43
354	45
355	61
356	47
357	46
358	44
359	51
360	44
361	47
362	53
363	52
364	52
365	60
366	49
367	58
368	62
369	51
370	49
371	60
372	50
373	43
374	50
375	42
376	62
377	61
378	51
379	46
380	62
381	51
382	62
383	46
384	70
385	56
386	40
387	66
388	66
389	55
390	59
391	55
392	61
393	61
394	58
395	53
396	61
397	61
398	68
399	59
400	58
401	48
402	55
403	71
404	60
405	41
406	70
407	76
408	57
409	64
410	72
411	62
412	49
413	71
414	65
415	60
416	67
417	75
418	57
419	61
420	85
421	79
422	72
423	77
424	77
425	63
426	66
427	90
428	81
429	84
430	82
431	66
432	69
433	84
434	76
435	80
436	74
437	86
438	76
439	80
440	81
441	82
442	87
443	79
444	71
445	82
446	88
447	79
448	81
449	78
450	69
451	75
452	66
453	75
454	84
455	88
456	71
457	67
458	65
459	74
460	70
461	71
462	73
463	71
464	98
465	67
466	77
467	65
468	73
469	80
470	66
471	83
472	66
473	85
474	57
475	75
476	77
477	77
478	65
479	63
480	52
481	75
482	79
483	55
484	76
485	59
486	69
487	71
488	51
489	61
490	57
491	55
492	53
493	71
494	67
495	66
496	78
497	79
498	60
499	79
500	64
501	67
502	56
503	53
504	68
505	65
506	61
507	58
508	59
509	72
510	64
511	54
512	61
513	52
514	70
515	52
516	55
517	57
518	66
519	68
520	63
521	65
522	57
523	54
524	72
525	56
526	58
527	55
528	62
529	55
530	53
531	61
532	76
533	51
534	60
535	51
536	53
537	54
538	58
539	56
540	44
541	63
542	43
543	43
544	48
545	58
546	65
547	51
548	50
549	50
550	45
551	55
552	52
553	58
554	53
555	62
556	50
557	51
558	54
559	52
560	51
561	48
562	52
563	47
564	55
565	56
566	48
567	39
568	46
569	50
570	41
571	44
572	47
573	46
574	46
575	48
576	33
577	42
578	52
579	44
580	44
581	40
582	51
583	36
584	41
585	51
586	37
587	33
588	50
589	44
590	51
591	46
592	46
593	39
594	49
595	41
596	47
597	49
598	55
599	51
600	49
601	38
602	42
603	49
604	46
605	55
606	58
607	55
608	48
609	46
610	46
611	49
612	43
613	45
614	49
615	51
616	49
617	41
618	39
619	41
620	49
621	53
622	49
623	45
624	58
625	38
626	61
627	42
628	52
629	55
630	56
631	54
632	46
633	50
634	50
635	37
636	52
637	53
638	50
639	45
640	51
641	55
642	42
643	50
644	46
645	38
646	43
647	45
648	54
649	42
650	46
651	46
652	50
653	52
654	53
655	44
656	54
657	32
658	39
659	51
660	55
661	48
662	47
663	45
664	42
665	44
666	49
667	50
668	39
669	39
670	43
671	53
672	38
673	43
674	46
675	56
676	40
677	47
678	36
679	47
680	53
681	56
682	54
683	44
684	32
685	38
686	38
687	43
688	63
689	52
690	37
691	46
692	46
693	40
694	49
695	52
696	53
697	49
698	52
699	44
700	40
701	50
702	59
703	58
704	49
705	45
706	39
707	55
708	50
709	43
710	45
711	35
712	62
713	45
714	47
715	38
716	54
717	54
718	55
719	43
720	47
721	42
722	37
723	60
724	40
725	59
726	61
727	49
728	54
729	45
730	46
731	53
732	49
733	43
734	56
735	40
736	47
737	47
738	46
739	37
740	36
741	61
742	53
743	39
744	48
745	40
746	40
747	56
748	43
749	66
750	52
751	47
752	52
753	59
754	49
755	45
756	45
757	45
758	45
759	39
760	50
761	48
762	47
763	51
764	53
765	47
766	52
767	51
768	43
769	48
770	50
771	43
772	45
773	49
774	49
775	44
776	35
777	54
778	50
779	35
780	41
781	31
782	57
783	52
784	42
785	53
786	52
787	40
788	39
789	54
790	37
791	44
792	60
793	43
794	51
795	56
796	43
797	48
798	55
799	46
800	54
801	53
802	33
803	37
804	49
805	46
806	46
807	49
808	54
809	39
810	53
811	47
812	70
813	50
814	44
815	47
816	53
817	55
818	41
819	50
820	40
821	59
822	47
823	48
824	50
825	57
826	57
827	54
828	49
829	44
830	57
831	49
832	53
833	34
834	37
835	48
836	55
837	45
838	50
839	57
840	57
841	52
842	42
843	62
844	56
845	53
846	52
847	53
848	53
849	46
850	54
851	40
852	53
853	54
854	59
855	46
856	50
857	56
858	57
859	46
860	50
861	48
862	46
863	53
864	57
865	46
866	56
867	52
868	63
869	46
870	42
871	63
872	51
873	38
874	47
875	48
876	53
877	37
878	51
879	54
880	35
881	42
882	50
883	47
884	53
885	51
886	51
887	57
888	60
889	48
890	61
891	52
892	45
893	57
894	54
895	46
896	63
897	54
898	52
899	55
900	54
901	53
902	54
903	49
904	39
905	60
906	50
907	60
908	58
909	47
910	54
911	60
912	53
913	61
914	53
915	54
916	49
917	48
918	58
919	54
920	56
921	51
922	41
923	53
924	47
925	48
926	46
927	48
928	57
929	62
930	45
931	55
932	49
933	49
934	57
935	47
936	52
937	46
938	44
939	41
940	60
941	49
942	48
943	66
944	48
945	42
946	51
947	54
948	55
949	46
950	57
951	47
952	37
953	55
954	55
955	38
956	37
957	53
958	52
959	49
960	53
961	54
962	67
963	52
964	45
965	53
966	53
967	45
968	48
969	38
970	45
971	40
972	41
973	43
974	56
975	54
976	54
977	50
978	47
979	61
980	48
981	48
982	55
983	55
984	52
985	52
986	61
987	50
988	59
989	62
990	44
991	48
992	56
993	47
994	56
995	53
996	60
997	55
998	46
999	58
1000	61
1001	52
1002	41
1003	65
1004	54
1005	53
1006	45
1007	52
1008	61
1009	56
1010	69
1011	55
1012	54
1013	56
1014	47
1015	57
1016	53
1017	41
1018	52
1019	51
1020	55
1021	54
1022	61
1023	52
1024	47
1025	43
1026	56
1027	52
1028	48
1029	53
1030	57
1031	52
1032	50
1033	57
1034	52
1035	48
1036	50
1037	55
1038	60
1039	40
1040	54
1041	56
1042	57
1043	53
1044	64
1045	57
1046	46
1047	47
1048	53
1049	43
1050	43
1051	45
1052	53
1053	60
1054	40
1055	55
1056	52
1057	40
1058	59
1059	44
1060	49
1061	61
1062	43
1063	58
1064	51
1065	61
1066	52
1067	48
1068	49
1069	51
1070	63
1071	46
1072	48
1073	50
1074	55
1075	55
1076	58
1077	47
1078	49
1079	47
1080	67
1081	49
1082	51
1083	60
1084	59
1085	54
1086	42
1087	53
1088	51
1089	55
1090	49
1091	62
1092	54
1093	40
1094	65
1095	56
1096	36
1097	39
1098	63
1099	52
1100	58
1101	51
1102	61
1103	49
1104	60
1105	55
1106	59
1107	53
1108	55
1109	66
1110	60
1111	49
1112	48
1113	51
1114	46
1115	61
1116	74
1117	52
1118	52
1119	47
1120	53
1121	51
1122	59
1123	47
1124	56
1125	46
1126	57
1127	60
1128	52
1129	74
1130	57
1131	74
1132	62
1133	67
1134	46
1135	55
1136	59
1137	55
1138	50
1139	71
1140	63
1141	57
1142	71
1143	55
1144	54
1145	69
1146	59
1147	59
1148	70
1149	61
1150	61
1151	47
1152	59
1153	53
1154	73
1155	45
1156	63
1157	62
1158	65
1159	72
1160	72
1161	62
1162	61
1163	55
1164	47
1165	55
1166	68
1167	65
1168	54
1169	74
1170	56
1171	50
1172	48
1173	70
1174	61
1175	60
1176	56
1177	58
1178	56
1179	49
1180	63
1181	71
1182	56
1183	56
1184	64
1185	66
1186	67
1187	82
1188	70
1189	68
1190	67
1191	47
1192	48
1193	62
1194	59
1195	60
1196	73
1197	69
1198	72
1199	56
1200	65
1201	63
1202	61
1203	52
1204	62
1205	68
1206	71
1207	53
1208	64
1209	65
1210	61
1211	73
1212	76
1213	61
1214	57
1215	65
1216	54
1217	48
1218	67
1219	64
1220	57
1221	61
1222	59
1223	81
1224	62
1225	72
1226	54
1227	65
1228	71
1229	57
1230	68
1231	75
1232	47
1233	58
1234	39
1235	83
1236	58
1237	77
1238	65
1239	79
1240	74
1241	53
1242	65
1243	60
1244	56
1245	55
1246	58
1247	65
1248	56
1249	81
1250	64
1251	65
1252	69
1253	57
1254	68
1255	68
1256	52
1257	60
1258	72
1259	60
1260	81
1261	60
1262	65
1263	64
1264	65
1265	69
1266	76
1267	73
1268	56
1269	69
1270	61
1271	70
1272	63
1273	67
1274	71
1275	65
1276	66
1277	75
1278	63
1279	63
1280	66
1281	77
1282	66
1283	67
1284	66
1285	49
1286	72
1287	72
1288	65
1289	51
1290	59
1291	72
1292	73
1293	69
1294	67
1295	61
1296	53
1297	65
1298	67
1299	57
1300	69
1301	49
1302	64
1303	62
1304	77
1305	65
1306	60
1307	77
1308	58
1309	54
1310	66
1311	51
1312	63
1313	67
1314	47
1315	62
1316	70
1317	75
1318	62
1319	64
1320	71
1321	64
1322	56
1323	72
1324	53
1325	70
1326	62
1327	56
1328	63
1329	59
1330	54
1331	75
1332	63
1333	49
1334	61
1335	47
1336	67
1337	55
1338	53
1339	56
1340	53
1341	82
1342	63
1343	52
1344	42
1345	48
1346	65
1347	62
1348	68
1349	58
1350	56
1351	62
1352	52
1353	69
1354	42
1355	70
1356	59
1357	56
1358	61
1359	72
1360	67
1361	66
1362	51
1363	62
1364	54
1365	73
1366	71
1367	43
1368	53
1369	58
1370	63
1371	59
1372	47
1373	56
1374	53
1375	62
1376	59
1377	67
1378	60
1379	73
1380	69
1381	63
1382	47
1383	69
1384	50
1385	60
1386	51
1387	70
1388	53
1389	66
1390	49
1391	61
1392	45
1393	52
1394	63
1395	70
1396	59
1397	56
1398	63
1399	49
1400	74
1401	48
1402	58
1403	36
1404	50
1405	55
1406	44
1407	63
1408	62
1409	53
1410	55
1411	67
1412	70
1413	53
1414	56
1415	61
1416	46
1417	63
1418	49
1419	46
1420	61
1421	66
1422	49
1423	61
1424	51
1425	64
1426	54
1427	54
1428	49
1429	63
1430	37
1431	68
1432	73
1433	51
1434	62
1435	55
1436	62
1437	70
1438	50
1439	59
1440	57
1441	65
1442	59
1443	50
1444	52
1445	48
1446	52
1447	50
1448	69
1449	62
1450	44
1451	64
1452	62
1453	51
1454	55
1455	40
1456	50
1457	57
1458	53
1459	42
1460	60
1461	61
1462	53
1463	44
1464	47
1465	64
1466	55
1467	43
1468	58
1469	53
1470	65
1471	56
1472	53
1473	60
1474	44
1475	66
1476	55
1477	62
1478	50
1479	54
1480	47
1481	56
1482	48
1483	61
1484	52
1485	41
1486	55
1487	57
1488	53
1489	39
1490	49
1491	61
1492	47
1493	61
1494	55
1495	49
1496	64
1497	61
1498	50
1499	67
1500	59
1501	46
1502	57
1503	58
1504	56
1505	38
1506	64
1507	42
1508	46
1509	50
1510	43
1511	42
1512	42
1513	51
1514	60
1515	52
1516	51
1517	65
1518	56
1519	63
1520	57
1521	56
1522	59
1523	58
1524	48
1525	42
1526	49
1527	58
1528	57
1529	53
1530	60
1531	75
1532	50
1533	66
1534	44
1535	56
1536	56
1537	46
1538	56
1539	66
1540	56
1541	50
1542	45
1543	63
1544	64
1545	53
1546	60
1547	66
1548	56
1549	51
1550	53
1551	54
1552	56
1553	59
1554	55
1555	57
1556	50
1557	42
1558	45
1559	49
1560	45
1561	61
1562	60
1563	57
1564	60
1565	54
1566	53
1567	64
1568	44
1569	44
1570	54
1571	55
1572	52
1573	57
1574	55
1575	48
1576	56
1577	45
1578	65
1579	60
1580	51
1581	53
1582	47
1583	55
1584	58
1585	44
1586	47
1587	56
1588	44
1589	56
1590	59
1591	66
1592	52
1593	45
1594	44
1595	47
1596	52
1597	50
1598	46
1599	51
1600	52
1601	45
1602	60
1603	54
1604	62
1605	58
1606	50
1607	45
1608	45
1609	63
1610	48
1611	63
1612	48
1613	38
1614	54
1615	62
1616	65
1617	53
1618	61
1619	63
1620	51
1621	44
1622	70
1623	48
1624	64
1625	53
1626	55
1627	46
1628	64
1629	62
1630	49
1631	59
1632	43
1633	54
1634	49
1635	53
1636	58
1637	47
1638	52
1639	48
1640	45
1641	60
1642	58
1643	48
1644	36
1645	58
1646	58
1647	47
1648	47
1649	53
1650	49
1651	51
1652	48
1653	42
1654	43
1655	53
1656	54
1657	52
1658	47
1659	50
1660	43
1661	55
1662	43
1663	56
1664	61
1665	54
1666	56
1667	52
1668	50
1669	44
1670	51
1671	52
1672	44
1673	53
1674	53
1675	55
1676	50
1677	56
1678	49
1679	54
1680	51
1681	60
1682	53
1683	57
1684	59
1685	61
1686	37
1687	46
1688	38
1689	55
1690	51
1691	45
1692	39
1693	55
1694	45
1695	50
1696	50
1697	59
1698	57
1699	64
1700	53
1701	46
1702	61
1703	63
1704	46
1705	45
1706	50
1707	62
1708	65
1709	48
1710	49
1711	53
1712	43
1713	63
1714	54
1715	51
1716	56
1717	57
1718	55
1719	62
1720	46
1721	54
1722	40
1723	50
1724	60
1725	55
1726	56
1727	51
1728	38
1729	53
1730	61
1731	66
1732	55
1733	46
1734	56
1735	61
1736	50
1737	58
1738	49
1739	41
1740	44
1741	63
1742	66
1743	50
1744	46
1745	42
1746	47
1747	63
1748	34
1749	51
1750	49
1751	50
1752	31
1753	46
1754	46
1755	54
1756	34
1757	60
1758	57
1759	41
1760	55
1761	38
1762	48
1763	51
1764	45
1765	47
1766	47
1767	58
1768	48
1769	55
1770	53
1771	48
1772	52
1773	56
1774	49
1775	52
1776	43
1777	45
1778	55
1779	47
1780	49
1781	49
1782	43
1783	53
1784	43
1785	49
1786	48
1787	53
1788	43
1789	49
1790	45
1791	41
1792	46
1793	49
1794	56
1795	51
1796	51
1797	43
1798	51
1799	54
1800	53
1801	51
1802	43
1803	51
1804	46
1805	46
1806	48
1807	50
1808	49
1809	36
1810	46
1811	56
1812	47
1813	48
1814	39
1815	59
1816	38
1817	63
1818	50
1819	46
1820	44
1821	57
1822	48
1823	59
1824	41
1825	43
1826	43
1827	37
1828	50
1829	47
1830	61
1831	43
1832	70
1833	51
1834	52
1835	47
1836	52
1837	56
1838	51
1839	50
1840	47
1841	51
1842	44
1843	53
1844	46
1845	51
1846	50
1847	58
1848	40
1849	42
1850	54
1851	44
1852	49
1853	57
1854	41
1855	44
1856	54
1857	28
1858	35
1859	55
1860	44
1861	47
1862	43
1863	44
1864	55
1865	36
1866	45
1867	49
1868	53
1869	42
1870	44
1871	37
1872	36
1873	35
1874	50
1875	64
1876	41
1877	47
1878	63
1879	36
1880	58
1881	47
1882	49
1883	57
1884	43
1885	38
1886	49
1887	43
1888	39
1889	53
1890	58
1891	49
1892	57
1893	46
1894	32
1895	50
1896	46
1897	43
1898	41
1899	45
1900	64
1901	44
1902	43
1903	52
1904	48
1905	46
1906	36
1907	37
1908	53
1909	55
1910	42
1911	46
1912	44
1913	41
1914	49
1915	50
1916	47
1917	47
1918	56
1919	46
1920	38
1921	45
1922	49
1923	47
1924	38
1925	51
1926	54
1927	42
1928	50
1929	45
1930	35
1931	48
1932	41
1933	52
1934	45
1935	42
1936	46
1937	47
1938	48
1939	53
1940	51
1941	45
1942	42
1943	40
1944	36
1945	41
1946	50
1947	46
1948	52
1949	45
1950	39
1951	49
1952	47
1953	54
1954	54
1955	49
1956	51
1957	48
1958	42
1959	43
1960	40
1961	44
1962	48
1963	46
1964	40
1965	53
1966	41
1967	46
1968	53
1969	43
1970	42
1971	45
1972	56
1973	51
1974	55
1975	32
1976	50
1977	42
1978	38
1979	43
1980	45
1981	41
1982	51
1983	44
1984	37
1985	46
1986	51
1987	36
1988	48
1989	51
1990	36
1991	40
1992	43
1993	36
1994	45
1995	39
1996	48
1997	32
1998	45
1999	48
2000	35
2001	45
2002	45
2003	44
2004	50
2005	48
2006	53
2007	36
2008	45
2009	37
2010	43
2011	51
2012	46
2013	48
2014	34
2015	37
2016	46
2017	44
2018	54
2019	37
2020	51
2021	55
2022	43
2023	43
2024	34
2025	48
2026	47
2027	39
2028	40
2029	39
2030	38
2031	48
2032	40
2033	56
2034	41
2035	51
2036	53
2037	55
2038	47
2039	50
2040	45
2041	39
2042	50
2043	52
2044	47
2045	40
2046	44
2047	43
2048	42
2049	49
2050	38
2051	43
2052	33
2053	47
2054	48
2055	49
2056	41
2057	58
2058	29
2059	29
2060	46
2061	44
2062	56
2063	36
2064	43
2065	48
2066	40
2067	47
2068	43
2069	42
2070	39
2071	42
2072	44
2073	52
2074	45
2075	44
2076	33
2077	51
2078	44
2079	47
2080	56
2081	36
2082	57
2083	42
2084	46
2085	32
2086	50
2087	47
2088	44
2089	50
2090	40
2091	41
2092	48
2093	48
2094	34
2095	41
2096	45
2097	37
2098	47
2099	37
2100	51
2101	49
2102	42
2103	39
2104	50
2105	39
2106	55
2107	58
2108	49
2109	49
2110	51
2111	49
2112	51
2113	32
2114	50
2115	43
2116	40
2117	43
2118	36
2119	50
2120	54
2121	38
2122	43
2123	39
2124	44
2125	52
2126	45
2127	39
2128	29
2129	48
2130	34
2131	40
2132	37
2133	35
2134	45
2135	50
2136	36
2137	39
2138	45
2139	40
2140	54
2141	52
2142	32
2143	49
2144	44
2145	52
2146	35
2147	48
2148	50
2149	40
2150	40
2151	44
2152	50
2153	37
2154	53
2155	38
2156	50
2157	36
2158	38
2159	57
2160	40
2161	40
2162	46
2163	53
2164	38
2165	37
2166	45
2167	49
2168	51
2169	47
2170	50
2171	49
2172	41
2173	47
2174	35
2175	47
2176	41
2177	51
2178	40
2179	42
2180	47
2181	46
2182	29
2183	47
2184	36
2185	37
2186	46
2187	36
2188	42
2189	41
2190	51
2191	43
2192	41
2193	32
2194	35
2195	41
2196	41
2197	39
2198	48
2199	49
2200	38
2201	49
2202	49
2203	57
2204	50
2205	36
2206	35
2207	44
2208	46
2209	49
2210	44
2211	40
2212	35
2213	37
2214	30
2215	40
2216	48
2217	49
2218	53
2219	37
2220	45
2221	45
2222	44
2223	39
2224	40
2225	36
2226	46
2227	67
2228	26
2229	33
2230	46
2231	41
2232	41
2233	36
2234	44
2235	45
2236	38
2237	36
2238	39
2239	41
2240	40
2241	41
2242	35
2243	57
2244	27
2245	38
2246	40
2247	55
2248	54
2249	45
2250	40
2251	47
2252	34
2253	39
2254	50
2255	45
2256	42
2257	42
2258	52
2259	34
2260	37
2261	44
2262	50
2263	50
2264	43
2265	41
2266	53
2267	49
2268	48
2269	35
2270	43
2271	53
2272	46
2273	45
2274	43
2275	31
2276	46
2277	44
2278	38
2279	53
2280	34
2281	47
2282	33
2283	49
2284	47
2285	38
2286	55
2287	45
2288	50
2289	61
2290	58
2291	53
2292	36
2293	41
2294	48
2295	43
2296	44
2297	40
2298	56
2299	43
2300	48
2301	37
2302	39
2303	53
2304	41
2305	43
2306	42
2307	48
2308	47
2309	52
2310	30
2311	36
2312	46
2313	34
2314	47
2315	53
2316	35
2317	40
2318	46
2319	39
2320	44
2321	49
2322	40
2323	42
2324	46
2325	46
2326	40
2327	54
2328	41
2329	46
2330	46
2331	36
2332	45
2333	38
2334	57
2335	42
2336	61
2337	44
2338	41
2339	35
2340	50
2341	51
2342	51
2343	53
2344	55
2345	52
2346	50
2347	39
2348	35
2349	55
2350	42
2351	49
2352	48
2353	48
2354	44
2355	41
2356	41
2357	34
2358	44
2359	45
2360	38
2361	48
2362	35
2363	44
2364	47
2365	62
2366	44
2367	37
2368	48
2369	48
2370	45
2371	43
2372	43
2373	43
2374	47
2375	38
2376	49
2377	37
2378	42
2379	44
2380	55
2381	41
2382	44
2383	45
2384	43
2385	39
2386	43
2387	49
2388	54
2389	44
2390	34
2391	42
2392	47
2393	29
2394	37
2395	31
2396	33
2397	48
2398	49
2399	33
2400	44
2401	42
2402	41
2403	39
2404	46
2405	52
2406	53
2407	41
2408	63
2409	44
2410	36
2411	53
2412	51
2413	52
2414	44
2415	43
2416	38
2417	42
2418	50
2419	41
2420	40
2421	40
2422	47
2423	40
2424	46
2425	33
2426	57
2427	50
2428	40
2429	52
2430	43
2431	42
2432	45
2433	24
2434	40
2435	42
2436	39
2437	47
2438	41
2439	34
2440	48
2441	49
2442	44
2443	46
2444	38
2445	44
2446	34
2447	34
2448	41
2449	44
2450	53
2451	61
2452	50
2453	48
2454	42
2455	42
2456	40
2457	46
2458	49
2459	34
2460	47
2461	44
2462	39
2463	40
2464	56
2465	41
2466	49
2467	34
2468	54
2469	46
2470	54
2471	45
2472	29
2473	52
2474	44
2475	34
2476	50
2477	41
2478	32
2479	34
2480	43
2481	38
2482	51
2483	39
2484	51
2485	41
2486	42
2487	40
2488	49
2489	43
2490	37
2491	36
2492	43
2493	49
2494	41
2495	41
2496	39
2497	28
2498	40
2499	43
2500	35
2501	43
2502	50
2503	37
2504	39
2505	58
2506	45
2507	55
2508	30
2509	43
2510	43
2511	37
2512	40
2513	50
2514	44
2515	38
2516	50
2517	45
2518	49
2519	49
2520	49
2521	47
2522	40
2523	54
2524	47
2525	50
2526	48
2527	40
2528	46
2529	44
2530	46
2531	43
2532	41
2533	31
2534	35
2535	26
2536	46
2537	37
2538	35
2539	61
2540	53
2541	45
2542	54
2543	52
2544	36
2545	50
2546	45
2547	48
2548	44
2549	42
2550	44
2551	50
2552	45
2553	33
2554	31
2555	34
2556	47
2557	43
2558	37
2559	40
2560	37
2561	42
2562	48
2563	54
2564	31
2565	50
2566	43
2567	37
2568	41
2569	38
2570	44
2571	33
2572	36
2573	31
2574	44
2575	45
2576	41
2577	34
2578	51
2579	37
2580	35
2581	45
2582	56
2583	42
2584	43
2585	37
2586	28
2587	44
2588	49
2589	41
2590	45
2591	37
2592	44
2593	34
2594	34
2595	46
2596	49
2597	52
2598	41
2599	40
2600	42
2601	47
2602	49
2603	45
2604	44
2605	38
2606	53
2607	41
2608	42
2609	52
2610	39
2611	50
2612	44
2613	47
2614	44
2615	35
2616	34
2617	54
2618	51
2619	47
2620	42
2621	50
2622	38
2623	39
2624	46
2625	39
2626	53
2627	38
2628	47
2629	39
2630	42
2631	42
2632	51
2633	28
2634	39
2635	49
2636	41
2637	51
2638	35
2639	56
2640	45
2641	48
2642	52
2643	39
2644	46
2645	41
2646	44
2647	45
2648	41
2649	34
2650	40
2651	35
2652	45
2653	44
2654	56
2655	52
2656	37
2657	38
2658	45
2659	51
2660	40
2661	47
2662	38
2663	43
2664	36
2665	43
2666	37
2667	42
2668	54
2669	41
2670	39
2671	61
2672	44
2673	40
2674	36
2675	41
2676	35
2677	50
2678	46
2679	44
2680	47
2681	45
2682	47
2683	55
2684	38
2685	48
2686	49
2687	45
2688	43
2689	45
2690	28
2691	46
2692	51
2693	48
2694	49
2695	46
2696	53
2697	44
2698	45
2699	49
2700	51
2701	44
2702	43
2703	57
2704	48
2705	39
2706	52
2707	43
2708	45
2709	32
2710	54
2711	47
2712	50
2713	49
2714	52
2715	52
2716	49
2717	41
2718	42
2719	35
2720	51
2721	35
2722	42
2723	36
2724	37
2725	41
2726	41
2727	35
2728	43
2729	43
2730	30
2731	35
2732	41
2733	42
2734	30
2735	45
2736	38
2737	46
2738	49
2739	51
2740	31
2741	34
2742	40
2743	44
2744	40
2745	41
2746	47
2747	38
2748	53
2749	46
2750	23
2751	44
2752	59
2753	33
2754	41
2755	43
2756	39
2757	49
2758	36
2759	36
2760	42
2761	45
2762	27
2763	33
2764	44
2765	44
2766	33
2767	38
2768	33
2769	42
2770	46
2771	32
2772	48
2773	45
2774	32
2775	44
2776	43
2777	42
2778	37
2779	45
2780	32
2781	43
2782	40
2783	53
2784	43
2785	49
2786	40
2787	43
2788	49
2789	45
2790	43
2791	34
2792	45
2793	38
2794	28
2795	32
2796	45
2797	58
2798	40
2799	37
2800	46
2801	43
2802	50
2803	37
2804	37
2805	43
2806	40
2807	46
2808	47
2809	48
2810	56
2811	39
2812	36
2813	49
2814	39
2815	46
2816	35
2817	45
2818	38
2819	38
2820	32
2821	42
2822	43
2823	46
2824	46
2825	42
2826	41
2827	44
2828	48
2829	38
2830	37
2831	43
2832	52
2833	48
2834	40
2835	49
2836	46
2837	36
2838	45
2839	37
2840	39
2841	38
2842	43
2843	43
2844	43
2845	50
2846	32
2847	37
2848	41
2849	33
2850	45
2851	47
2852	38
2853	35
2854	46
2855	47
2856	30
2857	32
2858	44
2859	53
2860	39
2861	45
2862	49
2863	47
2864	39
2865	43
2866	44
2867	33
2868	54
2869	63
2870	39
2871	40
2872	41
2873	44
2874	44
2875	44
2876	50
2877	42
2878	53
2879	40
2880	47
2881	44
2882	36
2883	40
2884	42
2885	54
2886	38
2887	50
2888	41
2889	34
2890	40
2891	34
2892	40
2893	46
2894	43
2895	49
2896	46
2897	53
2898	46
2899	48
2900	46
2901	46
2902	46
2903	45
2904	50
2905	53
2906	42
2907	35
2908	31
2909	44
2910	35
2911	35
2912	56
2913	40
2914	40
2915	41
2916	24
2917	33
2918	43
2919	41
2920	38
2921	39
2922	42
2923	49
2924	39
2925	38
2926	41
2927	52
2928	42
2929	47
2930	31
2931	42
2932	38
2933	31
2934	40
2935	43
2936	40
2937	41
2938	56
2939	45
2940	52
2941	38
2942	39
2943	50
2944	53
2945	39
2946	45
2947	35
2948	32
2949	38
2950	44
2951	46
2952	30
2953	36
2954	40
2955	44
2956	47
2957	44
2958	49
2959	43
2960	43
2961	43
2962	37
2963	41
2964	57
2965	32
2966	33
2967	36
2968	54
2969	36
2970	48
2971	32
2972	37
2973	30
2974	42
2975	45
2976	44
2977	46
2978	51
2979	49
2980	40
2981	44
2982	39
2983	43
2984	53
2985	39
2986	39
2987	34
2988	44
2989	46
2990	38
2991	46
2992	41
2993	35
2994	42
2995	41
2996	38
2997	43
2998	46
2999	36
3000	40
3001	34
3002	51
3003	36
3004	33
3005	39
3006	41
3007	49
3008	36
3009	35
3010	37
3011	40
3012	31
3013	33
3014	37
3015	28
3016	48
3017	53
3018	49
3019	35
3020	42
3021	43
3022	44
3023	30
3024	47
3025	39
3026	37
3027	39
3028	36
3029	43
3030	34
3031	47
3032	37
3033	62
3034	47
3035	44
3036	41
3037	33
3038	37
3039	33
3040	52
3041	61
3042	39
3043	53
3044	49
3045	35
3046	34
3047	36
3048	45
3049	40
3050	42
3051	39
3052	43
3053	34
3054	32
3055	39
3056	49
3057	44
3058	43
3059	36
3060	40
3061	42
3062	41
3063	35
3064	45
3065	49
3066	38
3067	39
3068	42
3069	31
3070	45
3071	45
3072	37
3073	37
3074	51
3075	40
3076	41
3077	40
3078	43
3079	36
3080	45
3081	36
3082	37
3083	36
3084	45
3085	40
3086	35
3087	55
3088	39
3089	50
3090	36
3091	38
3092	44
3093	45
3094	45
3095	36
3096	50
3097	46
3098	45
3099	42
3100	37
3101	43
3102	52
3103	42
3104	43
3105	35
3106	39
3107	42
3108	47
3109	41
3110	40
3111	52
3112	40
3113	34
3114	45
3115	54
3116	42
3117	34
3118	46
3119	42
3120	43
3121	41
3122	34
3123	43
3124	53
3125	36
3126	30
3127	46
3128	53
3129	49
3130	42
3131	50
3132	38
3133	38
3134	43
3135	37
3136	39
3137	55
3138	39
3139	59
3140	61
3141	43
3142	39
3143	39
3144	51
3145	51
3146	50
3147	45
3148	45
3149	26
3150	44
3151	52
3152	37
3153	46
3154	41
3155	44
3156	46
3157	42
3158	38
3159	41
3160	39
3161	30
3162	44
3163	40
3164	35
3165	49
3166	41
3167	37
3168	38
3169	36
3170	44
3171	45
3172	40
3173	39
3174	54
3175	40
3176	37
3177	38
3178	40
3179	40
3180	34
3181	42
3182	42
3183	34
3184	48
3185	39
3186	38
3187	41
3188	35
3189	40
3190	42
3191	50
3192	54
3193	35
3194	41
3195	49
3196	31
3197	49
3198	43
3199	37
3200	53
3201	39
3202	44
3203	41
3204	38
3205	37
3206	34
3207	43
3208	35
3209	43
3210	29
3211	50
3212	51
3213	53
3214	33
3215	49
3216	50
3217	49
3218	43
3219	40
3220	45
3221	37
3222	45
3223	42
3224	46
3225	53
3226	40
3227	37
3228	35
3229	39
3230	43
3231	49
3232	46
3233	48
3234	46
3235	41
3236	42
3237	32
3238	42
3239	46
3240	34
3241	54
3242	43
3243	35
3244	40
3245	45
3246	40
3247	40
3248	40
3249	52
3250	38
3251	37
3252	25
3253	40
3254	55
3255	50
3256	49
3257	31
3258	43
3259	41
3260	44
3261	40
3262	49
3263	46
3264	40
3265	53
3266	45
3267	43
3268	45
3269	41
3270	44
3271	34
3272	41
3273	34
3274	40
3275	49
3276	43
3277	43
3278	51
3279	36
3280	29
3281	54
3282	37
3283	41
3284	35
3285	52
3286	49
3287	36
3288	35
3289	54
3290	36
3291	42
3292	39
3293	42
3294	43
3295	44
3296	44
3297	53
3298	37
3299	46
3300	35
3301	35
3302	64
3303	46
3304	45
3305	28
3306	39
3307	52
3308	56
3309	36
3310	50
3311	42
3312	43
3313	51
3314	39
3315	42
3316	44
3317	42
3318	53
3319	36
3320	43
3321	54
3322	41
3323	56
3324	39
3325	48
3326	43
3327	57
3328	35
3329	44
3330	48
3331	41
3332	40
3333	45
3334	48
3335	43
3336	39
3337	45
3338	48
3339	65
3340	40
3341	35
3342	48
3343	43
3344	37
3345	42
3346	47
3347	44
3348	35
3349	34
3350	44
3351	50
3352	50
3353	49
3354	48
3355	46
3356	50
3357	41
3358	41
3359	45
3360	42
3361	48
3362	46
3363	44
3364	31
3365	54
3366	42
3367	49
3368	47
3369	38
3370	54
3371	38
3372	40
3373	49
3374	43
3375	38
3376	36
3377	52
3378	48
3379	43
3380	39
3381	39
3382	35
3383	36
3384	43
3385	51
3386	44
3387	42
3388	51
3389	44
3390	50
3391	50
3392	56
3393	44
3394	45
3395	41
3396	48
3397	41
3398	36
3399	45
3400	49
3401	30
3402	58
3403	40
3404	41
3405	37
3406	33
3407	62
3408	51
3409	42
3410	53
3411	40
3412	55
3413	39
3414	50
3415	56
3416	42
3417	45
3418	39
3419	36
3420	40
3421	43
3422	46
3423	42
3424	44
3425	45
3426	39
3427	45
3428	53
3429	46
3430	45
3431	46
3432	44
3433	43
3434	49
3435	46
3436	40
3437	38
3438	51
3439	30
3440	38
3441	38
3442	37
3443	32
3444	42
3445	39
3446	48
3447	48
3448	37
3449	41
3450	42
3451	54
3452	46
3453	40
3454	34
3455	39
3456	40
3457	38
3458	48
3459	36
3460	53
3461	48
3462	38
3463	50
3464	46
3465	49
3466	57
3467	42
3468	44
3469	42
3470	41
3471	50
3472	25
3473	41
3474	50
3475	46
3476	43
3477	39
3478	49
3479	41
3480	42
3481	42
3482	46
3483	37
3484	45
3485	36
3486	48
3487	61
3488	46
3489	53
3490	43
3491	36
3492	49
3493	40
3494	41
3495	37
3496	47
3497	48
3498	51
3499	42
3500	41
3501	35
3502	39
3503	37
3504	41
3505	44
3506	38
3507	51
3508	34
3509	40
3510	37
3511	31
3512	41
3513	26
3514	33
3515	43
3516	28
3517	46
3518	54
3519	39
3520	33
3521	41
3522	48
3523	33
3524	45
3525	53
3526	38
3527	48
3528	42
3529	40
3530	60
3531	46
3532	42
3533	47
3534	55
3535	43
3536	43
3537	35
3538	48
3539	46
3540	45
3541	44
3542	48
3543	33
3544	41
3545	48
3546	55
3547	30
3548	40
3549	39
3550	37
3551	41
3552	48
3553	56
3554	40
3555	49
3556	44
3557	43
3558	46
3559	33
3560	39
3561	46
3562	46
3563	42
3564	41
3565	35
3566	49
3567	37
3568	35
3569	46
3570	43
3571	30
3572	44
3573	56
3574	47
3575	41
3576	49
3577	40
3578	49
3579	39
3580	49
3581	48
3582	40
3583	33
3584	51
3585	55
3586	48
3587	45
3588	40
3589	37
3590	34
3591	47
3592	27
3593	55
3594	40
3595	49
3596	38
3597	44
3598	37
3599	52
3600	43
3601	39
3602	50
3603	35
3604	42
3605	37
3606	48
3607	47
3608	49
3609	47
3610	40
3611	46
3612	36
3613	49
3614	44
3615	35
3616	45
3617	30
3618	51
3619	44
3620	55
3621	55
3622	33
3623	49
3624	33
3625	54
3626	43
3627	33
3628	44
3629	55
3630	35
3631	52
3632	58
3633	54
3634	37
3635	50
3636	36
3637	26
3638	41
3639	47
3640	46
3641	52
3642	58
3643	38
3644	47
3645	38
3646	36
3647	41
3648	50
3649	39
3650	40
3651	48
3652	42
3653	41
3654	39
3655	49
3656	39
3657	41
3658	41
3659	46
3660	33
3661	58
3662	40
3663	44
3664	40
3665	49
3666	41
3667	48
3668	47
3669	24
3670	48
3671	42
3672	37
3673	36
3674	46
3675	37
3676	47
3677	42
3678	41
3679	48
3680	55
3681	40
3682	44
3683	42
3684	33
3685	36
3686	38
3687	40
3688	43
3689	40
3690	48
3691	36
3692	50
3693	38
3694	51
3695	43
3696	43
3697	42
3698	36
3699	38
3700	40
3701	40
3702	39
3703	40
3704	41
3705	54
3706	46
3707	47
3708	46
3709	40
3710	45
3711	37
3712	44
3713	45
3714	48
3715	43
3716	44
3717	41
3718	40
3719	39
3720	46
3721	41
3722	40
3723	47
3724	46
3725	46
3726	43
3727	35
3728	47
3729	53
3730	53
3731	43
3732	46
3733	46
3734	53
3735	44
3736	46
3737	39
3738	42
3739	59
3740	39
3741	49
3742	40
3743	37
3744	44
3745	41
3746	41
3747	46
3748	39
3749	46
3750	68
3751	41
3752	53
3753	38
3754	50
3755	53
3756	48
3757	39
3758	52
3759	44
3760	41
3761	45
3762	34
3763	45
3764	51
3765	44
3766	40
3767	39
3768	49
3769	44
3770	37
3771	43
3772	46
3773	50
3774	33
3775	41
3776	44
3777	42
3778	35
3779	36
3780	49
3781	29
3782	32
3783	42
3784	39
3785	34
3786	41
3787	45
3788	40
3789	43
3790	31
3791	52
3792	56
3793	39
3794	45
3795	44
3796	61
3797	48
3798	40
3799	51
3800	52
3801	48
3802	47
3803	43
3804	43
3805	41
3806	51
3807	45
3808	44
3809	40
3810	42
3811	42
3812	49
3813	51
3814	39
3815	40
3816	50
3817	36
3818	43
3819	47
3820	59
3821	47
3822	59
3823	47
3824	35
3825	57
3826	44
3827	45
3828	47
3829	50
3830	46
3831	37
3832	47
3833	37
3834	48
3835	41
3836	46
3837	48
3838	49
3839	49
3840	46
3841	48
3842	48
3843	44
3844	46
3845	42
3846	45
3847	46
3848	41
3849	38
3850	54
3851	39
3852	43
3853	42
3854	49
3855	39
3856	48
3857	49
3858	39
3859	45
3860	50
3861	44
3862	54
3863	51
3864	50
3865	41
3866	38
3867	52
3868	43
3869	38
3870	40
3871	50
3872	47
3873	45
3874	36
3875	47
3876	46
3877	44
3878	54
3879	39
3880	42
3881	31
3882	40
3883	39
3884	45
3885	32
3886	44
3887	57
3888	39
3889	55
3890	47
3891	49
3892	50
3893	42
3894	54
3895	55
3896	51
3897	43
3898	40
3899	44
3900	48
3901	51
3902	41
3903	45
3904	46
3905	35
3906	45
3907	59
3908	47
3909	37
3910	41
3911	38
3912	46
3913	46
3914	37
3915	46
3916	63
3917	48
3918	46
3919	41
3920	36
3921	55
3922	38
3923	41
3924	60
3925	35
3926	54
3927	50
3928	42
3929	41
3930	49
3931	51
3932	47
3933	32
3934	51
3935	44
3936	50
3937	50
3938	40
3939	38
3940	33
3941	42
3942	37
3943	45
3944	54
3945	57
3946	40
3947	41
3948	48
3949	51
3950	34
3951	39
3952	40
3953	47
3954	54
3955	57
3956	48
3957	47
3958	43
3959	46
3960	42
3961	47
3962	54
3963	44
3964	33
3965	42
3966	47
3967	39
3968	51
3969	47
3970	56
3971	41
3972	46
3973	50
3974	44
3975	47
3976	37
3977	43
3978	42
3979	48
3980	44
3981	50
3982	46
3983	42
3984	46
3985	42
3986	51
3987	54
3988	51
3989	39
3990	40
3991	45
3992	40
3993	53
3994	45
3995	32
3996	41
3997	39
3998	45
3999	43
4000	55
4001	46
4002	34
4003	49
4004	50
4005	62
4006	41
4007	37
4008	62
4009	49
4010	42
4011	47
4012	47
4013	42
4014	44
4015	38
4016	36
4017	44
4018	54
4019	35
4020	44
4021	60
4022	43
4023	50
4024	52
4025	48
4026	43
4027	53
4028	48
4029	46
4030	49
4031	52
4032	52
4033	46
4034	46
4035	46
4036	40
4037	48
4038	51
4039	50
4040	48
4041	39
4042	48
4043	68
4044	56
4045	44
4046	48
4047	38
4048	48
4049	47
4050	60
4051	39
4052	48
4053	49
4054	49
4055	43
4056	44
4057	36
4058	51
4059	42
4060	40
4061	44
4062	51
4063	50
4064	41
4065	38
4066	49
4067	42
4068	35
4069	47
4070	47
4071	51
4072	51
4073	54
4074	50
4075	41
4076	58
4077	61
4078	45
4079	58
4080	46
4081	48
4082	51
4083	49
4084	39
4085	42
4086	41
4087	58
4088	48
4089	51
4090	47
4091	49
4092	53
4093	52
4094	46
4095	45
4096	53
4097	49
4098	46
4099	49
4100	49
4101	38
4102	42
4103	51
4104	46
4105	52
4106	41
4107	53
4108	37
4109	48
4110	44
4111	45
4112	48
4113	53
4114	50
4115	55
4116	53
4117	50
4118	46
4119	41
4120	42
4121	48
4122	45
4123	46
4124	48
4125	53
4126	34
4127	49
4128	60
4129	64
4130	54
4131	45
4132	48
4133	32
4134	49
4135	41
4136	51
4137	45
4138	45
4139	38
4140	53
4141	33
4142	45
4143	45
4144	51
4145	53
4146	46
4147	52
4148	48
4149	42
4150	44
4151	50
4152	50
4153	52
4154	54
4155	38
4156	54
4157	43
4158	55
4159	50
4160	54
4161	60
4162	63
4163	50
4164	47
4165	49
4166	30
4167	45
4168	49
4169	55
4170	54
4171	49
4172	46
4173	51
4174	56
4175	48
4176	48
4177	54
4178	47
4179	51
4180	33
4181	58
4182	62
4183	59
4184	45
4185	34
4186	42
4187	57
4188	55
4189	56
4190	47
4191	43
4192	45
4193	44
4194	36
4195	45
4196	45
4197	54
4198	50
4199	42
4200	51
4201	48
4202	44
4203	49
4204	49
4205	37
4206	48
4207	49
4208	50
4209	51
4210	56
4211	51
4212	49
4213	53
4214	63
4215	57
4216	44
4217	61
4218	48
4219	52
4220	50
4221	49
4222	60
4223	53
4224	51
4225	60
4226	49
4227	39
4228	53
4229	49
4230	52
4231	54
4232	52
4233	50
4234	53
4235	40
4236	61
4237	44
4238	49
4239	41
4240	48
4241	43
4242	55
4243	56
4244	54
4245	45
4246	50
4247	60
4248	45
4249	55
4250	51
4251	56
4252	51
4253	51
4254	52
4255	51
4256	53
4257	42
4258	70
4259	51
4260	36
4261	53
4262	57
4263	44
4264	50
4265	55
4266	52
4267	54
4268	38
4269	45
4270	51
4271	52
4272	44
4273	40
4274	45
4275	42
4276	59
4277	42
4278	66
4279	49
4280	46
4281	42
4282	52
4283	61
4284	56
4285	61
4286	50
4287	47
4288	52
4289	43
4290	34
4291	46
4292	60
4293	50
4294	52
4295	55
4296	47
4297	49
4298	48
4299	64
4300	48
4301	45
4302	48
4303	59
4304	38
4305	63
4306	46
4307	45
4308	40
4309	60
4310	48
4311	58
4312	51
4313	56
4314	50
4315	51
4316	46
4317	37
4318	53
4319	62
4320	46
4321	48
4322	57
4323	51
4324	47
4325	47
4326	43
4327	60
4328	54
4329	51
4330	61
4331	45
4332	42
4333	46
4334	49
4335	54
4336	42
4337	62
4338	47
4339	52
4340	45
4341	52
4342	42
4343	51
4344	51
4345	46
4346	58
4347	59
4348	56
4349	64
4350	50
4351	47
4352	58
4353	47
4354	51
4355	48
4356	57
4357	46
4358	46
4359	51
4360	52
4361	52
4362	54
4363	49
4364	41
4365	41
4366	57
4367	58
4368	46
4369	62
4370	57
4371	63
4372	55
4373	63
4374	46
4375	57
4376	50
4377	61
4378	47
4379	41
4380	48
4381	55
4382	54
4383	51
4384	65
4385	50
4386	58
4387	51
4388	61
4389	44
4390	43
4391	46
4392	68
4393	53
4394	48
4395	43
4396	59
4397	49
4398	49
4399	60
4400	52
4401	48
4402	35
4403	64
4404	47
4405	63
4406	53
4407	46
4408	44
4409	53
4410	66
4411	43
4412	47
4413	46
4414	39
4415	56
4416	58
4417	72
4418	59
4419	54
4420	43
4421	53
4422	48
4423	56
4424	56
4425	47
4426	57
4427	45
4428	48
4429	55
4430	59
4431	55
4432	49
4433	57
4434	50
4435	44
4436	46
4437	59
4438	58
4439	57
4440	59
4441	61
4442	49
4443	58
4444	44
4445	38
4446	63
4447	51
4448	49
4449	55
4450	53
4451	57
4452	51
4453	58
4454	55
4455	52
4456	47
4457	44
4458	73
4459	44
4460	53
4461	58
4462	59
4463	57
4464	46
4465	49
4466	50
4467	56
4468	45
4469	41
4470	59
4471	54
4472	60
4473	52
4474	57
4475	53
4476	50
4477	52
4478	50
4479	52
4480	46
4481	43
4482	53
4483	46
4484	58
4485	52
4486	44
4487	54
4488	45
4489	67
4490	48
4491	44
4492	62
4493	52
4494	50
4495	62
4496	50
4497	50
4498	42
4499	49
4500	39
4501	63
4502	36
4503	51
4504	51
4505	62
4506	52
4507	47
4508	50
4509	50
4510	54
4511	53
4512	58
4513	47
4514	61
4515	49
4516	64
4517	43
4518	53
4519	43
4520	54
4521	62
4522	44
4523	42
4524	64
4525	60
4526	62
4527	42
4528	60
4529	59
4530	55
4531	53
4532	49
4533	53
4534	64
4535	46
4536	55
4537	54
4538	50
4539	62
4540	57
4541	47
4542	48
4543	54
4544	60
4545	54
4546	50
4547	53
4548	55
4549	47
4550	51
4551	41
4552	51
4553	52
4554	55
4555	50
4556	51
4557	51
4558	47
4559	47
4560	48
4561	57
4562	51
4563	42
4564	45
4565	53
4566	60
4567	38
4568	53
4569	50
4570	53
4571	50
4572	53
4573	46
4574	59
4575	51
4576	46
4577	52
4578	60
4579	52
4580	56
4581	58
4582	59
4583	38
4584	48
4585	50
4586	35
4587	62
4588	38
4589	51
4590	54
4591	60
4592	58
4593	42
4594	53
4595	59
4596	58
4597	53
4598	53
4599	50
4600	47
4601	53
4602	47
4603	50
4604	47
4605	50
4606	55
4607	39
4608	49
4609	52
4610	58
4611	66
4612	60
4613	42
4614	50
4615	68
4616	44
4617	60
4618	47
4619	63
4620	58
4621	52
4622	49
4623	67
4624	51
4625	61
4626	47
4627	60
4628	47
4629	45
4630	49
4631	47
4632	49
4633	51
4634	53
4635	53
4636	46
4637	50
4638	43
4639	54
4640	50
4641	45
4642	45
4643	39
4644	48
4645	39
4646	52
4647	52
4648	29
4649	50
4650	45
4651	40
4652	46
4653	56
4654	50
4655	41
4656	50
4657	58
4658	49
4659	49
4660	35
4661	54
4662	61
4663	48
4664	64
4665	47
4666	43
4667	53
4668	43
4669	57
4670	54
4671	42
4672	42
4673	40
4674	38
4675	47
4676	48
4677	59
4678	51
4679	44
4680	46
4681	40
4682	55
4683	50
4684	48
4685	43
4686	38
4687	55
4688	41
4689	39
4690	41
4691	38
4692	48
4693	55
4694	49
4695	53
4696	54
4697	42
4698	64
4699	57
4700	52
4701	53
4702	46
4703	54
4704	54
4705	56
4706	38
4707	41
4708	33
4709	40
4710	46
4711	44
4712	48
4713	44
4714	42
4715	53
4716	44
4717	43
4718	47
4719	48
4720	47
4721	47
4722	45
4723	44
4724	44
4725	41
4726	46
4727	59
4728	41
4729	45
4730	47
4731	47
4732	36
4733	35
4734	46
4735	52
4736	46
4737	46
4738	34
4739	45
4740	49
4741	42
4742	41
4743	50
4744	54
4745	39
4746	42
4747	46
4748	56
4749	39
4750	38
4751	46
4752	51
4753	36
4754	36
4755	52
4756	38
4757	42
4758	41
4759	48
4760	46
4761	47
4762	52
4763	45
4764	51
4765	47
4766	44
4767	57
4768	49
4769	39
4770	48
4771	38
4772	46
4773	45
4774	52
4775	55
4776	43
4777	49
4778	40
4779	47
4780	52
4781	39
4782	44
4783	40
4784	47
4785	45
4786	42
4787	70
4788	42
4789	54
4790	57
4791	37
4792	53
4793	52
4794	52
4795	40
4796	40
4797	37
4798	42
4799	35
4800	44
4801	48
4802	44
4803	41
4804	51
4805	42
4806	56
4807	47
4808	44
4809	48
4810	42
4811	39
4812	42
4813	36
4814	43
4815	41
4816	44
4817	41
4818	43
4819	43
4820	51
4821	37
4822	46
4823	37
4824	32
4825	51
4826	35
4827	39
4828	50
4829	44
4830	37
4831	32
4832	50
4833	39
4834	41
4835	32
4836	43
4837	33
4838	58
4839	41
4840	41
4841	33
4842	35
4843	43
4844	60
4845	37
4846	45
4847	26
4848	38
4849	43
4850	49
4851	42
4852	34
4853	46
4854	41
4855	29
4856	33
4857	38
4858	42
4859	42
4860	37
4861	44
4862	51
4863	43
4864	44
4865	42
4866	44
4867	34
4868	37
4869	39
4870	47
4871	35
4872	46
4873	39
4874	41
4875	48
4876	41
4877	37
4878	41
4879	31
4880	32
4881	40
4882	40
4883	36
4884	46
4885	41
4886	56
4887	46
4888	34
4889	34
4890	24
4891	50
4892	39
4893	36
4894	46
4895	34
4896	47
4897	41
4898	40
4899	36
4900	47
4901	41
4902	43
4903	40
4904	45
4905	42
4906	42
4907	40
4908	49
4909	38
4910	34
4911	39
4912	36
4913	42
4914	40
4915	32
4916	37
4917	50
4918	29
4919	42
4920	27
4921	32
4922	37
4923	32
4924	45
4925	53
4926	34
4927	42
4928	33
4929	39
4930	31
4931	38
4932	30
4933	46
4934	31
4935	48
4936	42
4937	46
4938	43
4939	39
4940	33
4941	40
4942	34
4943	32
4944	30
4945	37
4946	40
4947	37
4948	39
4949	41
4950	33
4951	39
4952	33
4953	39
4954	37
4955	42
4956	42
4957	27
4958	28
4959	25
4960	41
4961	46
4962	31
4963	44
4964	43
4965	39
4966	31
4967	30
4968	37
4969	38
4970	28
4971	35
4972	44
4973	32
4974	35
4975	30
4976	40
4977	34
4978	35
4979	39
4980	28
4981	34
4982	40
4983	39
4984	36
4985	29
4986	33
4987	33
4988	26
4989	45
4990	35
4991	36
4992	35
4993	52
4994	42
4995	40
4996	42
4997	40
4998	32
4999	29
5000	41
5001	39
5002	45
5003	34
5004	36
5005	40
5006	39
5007	49
5008	40
5009	33
5010	34
5011	37
5012	43
5013	38
5014	35
5015	41
5016	35
5017	43
5018	35
5019	39
5020	32
5021	28
5022	36
5023	44
5024	30
5025	40
5026	31
5027	28
5028	40
5029	37
5030	46
5031	38
5032	40
5033	40
5034	41
5035	26
5036	30
5037	39
5038	36
5039	27
5040	31
5041	38
5042	44
5043	42
5044	25
5045	29
5046	36
5047	37
5048	33
5049	34
5050	35
5051	25
5052	38
5053	29
5054	29
5055	51
5056	35
5057	33
5058	32
5059	52
5060	33
5061	45
5062	42
5063	32
5064	42
5065	36
5066	36
5067	31
5068	45
5069	36
5070	43
5071	39
5072	31
5073	34
5074	41
5075	38
5076	23
5077	42
5078	37
5079	30
5080	23
5081	41
5082	31
5083	38
5084	36
5085	40
5086	32
5087	32
5088	37
5089	34
5090	39
5091	33
5092	25
5093	36
5094	29
5095	36
5096	32
5097	44
5098	43
5099	41
5100	40
5101	23
5102	45
5103	33
5104	32
5105	44
5106	35
5107	34
5108	44
5109	45
5110	38
5111	43
5112	26
5113	28
5114	36
5115	36
5116	27
5117	33
5118	26
5119	39
5120	33
5121	32
5122	32
5123	25
5124	26
5125	29
5126	39
5127	32
5128	38
5129	37
5130	32
5131	44
5132	26
5133	35
5134	30
5135	38
5136	26
5137	37
5138	30
5139	19
5140	32
5141	39
5142	27
5143	35
5144	30
5145	41
5146	39
5147	33
5148	34
5149	26
5150	36
5151	35
5152	37
5153	29
5154	32
5155	32
5156	40
5157	34
5158	36
5159	41
5160	25
5161	31
5162	40
5163	43
5164	26
5165	39
5166	27
5167	29
5168	32
5169	36
5170	36
5171	33
5172	43
5173	43
5174	18
5175	32
5176	35
5177	22
5178	32
5179	26
5180	31
5181	45
5182	27
5183	31
5184	44
5185	31
5186	39
5187	36
5188	27
5189	38
5190	27
5191	31
5192	32
5193	33
5194	30
5195	47
5196	37
5197	30
5198	43
5199	39
5200	38
5201	29
5202	33
5203	42
5204	35
5205	30
5206	42
5207	28
5208	28
5209	23
5210	37
5211	36
5212	36
5213	30
5214	33
5215	32
5216	33
5217	41
5218	42
5219	33
5220	25
5221	23
5222	38
5223	30
5224	31
5225	31
5226	34
5227	33
5228	43
5229	40
5230	24
5231	29
5232	32
5233	33
5234	29
5235	30
5236	29
5237	40
5238	26
5239	33
5240	33
5241	38
5242	34
5243	26
5244	35
5245	32
5246	30
5247	34
5248	30
5249	32
5250	32
5251	35
5252	43
5253	38
5254	29
5255	25
5256	34
5257	33
5258	32
5259	28
5260	21
5261	24
5262	31
5263	20
5264	36
5265	34
5266	31
5267	35
5268	35
5269	26
5270	38
5271	24
5272	27
5273	36
5274	32
5275	40
5276	30
5277	29
5278	34
5279	24
5280	28
5281	26
5282	30
5283	28
5284	32
5285	25
5286	24
5287	25
5288	34
5289	29
5290	27
5291	35
5292	32
5293	24
5294	31
5295	26
5296	36
5297	26
5298	42
5299	32
5300	33
5301	34
5302	24
5303	47
5304	28
5305	23
5306	27
5307	31
5308	21
5309	40
5310	45
5311	31
5312	29
5313	25
5314	43
5315	29
5316	39
5317	17
5318	37
5319	31
5320	27
5321	26
5322	33
5323	22
5324	38
5325	28
5326	32
5327	27
5328	37
5329	26
5330	36
5331	18
5332	36
5333	29
5334	33
5335	22
5336	37
5337	28
5338	26
5339	35
5340	36
5341	27
5342	25
5343	35
5344	27
5345	25
5346	30
5347	33
5348	32
5349	35
5350	21
5351	28
5352	24
5353	30
5354	25
5355	24
5356	26
5357	27
5358	26
5359	33
5360	30
5361	28
5362	27
5363	31
5364	26
5365	35
5366	27
5367	25
5368	28
5369	27
5370	34
5371	24
5372	35
5373	29
5374	30
5375	30
5376	17
5377	36
5378	32
5379	23
5380	23
5381	19
5382	29
5383	23
5384	23
5385	25
5386	24
5387	26
5388	23
5389	27
5390	35
5391	32
5392	21
5393	33
5394	36
5395	19
5396	26
5397	36
5398	31
5399	22
5400	26
5401	27
5402	21
5403	25
5404	23
5405	26
5406	33
5407	30
5408	20
5409	30
5410	25
5411	27
5412	24
5413	28
5414	30
5415	25
5416	26
5417	33
5418	27
5419	36
5420	18
5421	22
5422	32
5423	32
5424	29
5425	26
5426	22
5427	26
5428	29
5429	28
5430	19
5431	30
5432	28
5433	26
5434	26
5435	27
5436	24
5437	30
5438	20
5439	26
5440	27
5441	30
5442	26
5443	24
5444	27
5445	28
5446	25
5447	20
5448	34
5449	26
5450	20
5451	23
5452	33
5453	25
5454	17
5455	25
5456	26
5457	25
5458	28
5459	25
5460	25
5461	33
5462	20
5463	28
5464	25
5465	21
5466	30
5467	22
5468	28
5469	20
5470	18
5471	29
5472	33
5473	31
5474	26
5475	22
5476	30
5477	27
5478	21
5479	29
5480	31
5481	22
5482	27
5483	35
5484	34
5485	29
5486	21
5487	20
5488	18
5489	34
5490	30
5491	23
5492	24
5493	20
5494	21
5495	27
5496	24
5497	25
5498	19
5499	30
5500	14
5501	37
5502	23
5503	33
5504	29
5505	30
5506	17
5507	20
5508	20
5509	24
5510	29
5511	32
5512	18
5513	28
5514	21
5515	21
5516	20
5517	31
5518	18
5519	33
5520	24
5521	21
5522	27
5523	23
5524	15
5525	27
5526	15
5527	24
5528	30
5529	23
5530	21
5531	30
5532	26
5533	25
5534	13
5535	20
5536	26
5537	34
5538	30
5539	32
5540	25
5541	20
5542	29
5543	29
5544	25
5545	16
5546	28
5547	24
5548	28
5549	32
5550	36
5551	36
5552	25
5553	29
5554	26
5555	28
5556	20
5557	33
5558	16
5559	22
5560	20
5561	32
5562	17
5563	29
5564	17
5565	34
5566	26
5567	23
5568	24
5569	21
5570	20
5571	20
5572	20
5573	24
5574	31
5575	24
5576	35
5577	41
5578	34
5579	29
5580	25
5581	33
5582	31
5583	23
5584	25
5585	33
5586	25
5587	15
5588	23
5589	23
5590	28
5591	20
5592	19
5593	27
5594	25
5595	26
5596	35
5597	21
5598	39
5599	23
5600	35
5601	26
5602	30
5603	30
5604	29
5605	28
5606	34
5607	32
5608	28
5609	28
5610	32
5611	31
5612	29
5613	24
5614	25
5615	27
5616	24
5617	29
5618	28
5619	24
5620	25
5621	34
5622	23
5623	27
5624	26
5625	28
5626	27
5627	19
5628	28
5629	24
5630	25
5631	35
5632	20
5633	34
5634	25
5635	27
5636	24
5637	27
5638	32
5639	23
5640	26
5641	35
5642	33
5643	29
5644	47
5645	36
5646	33
5647	29
5648	44
5649	43
5650	26
5651	30
5652	26
5653	33
5654	36
5655	37
5656	27
5657	31
5658	33
5659	42
5660	25
5661	32
5662	31
5663	27
5664	36
5665	33
5666	28
5667	43
5668	32
5669	25
5670	42
5671	43
5672	34
5673	28
5674	41
5675	30
5676	36
5677	40
5678	34
5679	36
5680	45
5681	38
5682	30
5683	33
5684	46
5685	32
5686	32
5687	35
5688	34
5689	33
5690	41
5691	26
5692	34
5693	36
5694	26
5695	32
5696	30
5697	34
5698	41
5699	39
5700	48
5701	39
5702	37
5703	29
5704	39
5705	40
5706	24
5707	39
5708	46
5709	41
5710	32
5711	31
5712	42
5713	51
5714	46
5715	36
5716	37
5717	42
5718	53
5719	33
5720	46
5721	46
5722	34
5723	43
5724	49
5725	39
5726	51
5727	57
5728	30
5729	45
5730	36
5731	49
5732	46
5733	36
5734	41
5735	39
5736	51
5737	46
5738	44
5739	41
5740	58
5741	52
5742	55
5743	41
5744	53
5745	45
5746	60
5747	38
5748	32
5749	40
5750	39
5751	41
5752	42
5753	51
5754	55
5755	46
5756	55
5757	43
5758	52
5759	43
5760	35
5761	50
5762	55
5763	43
5764	52
5765	39
5766	36
5767	43
5768	42
5769	33
5770	58
5771	58
5772	48
5773	50
5774	51
5775	69
5776	56
5777	45
5778	47
5779	49
5780	50
5781	64
5782	48
5783	40
5784	44
5785	50
5786	53
5787	56
5788	47
5789	53
5790	48
5791	62
5792	66
5793	50
5794	51
5795	51
5796	67
5797	52
5798	43
5799	54
5800	48
5801	55
5802	54
5803	45
5804	54
5805	48
5806	46
5807	46
5808	76
5809	65
5810	53
5811	57
5812	51
5813	45
5814	44
5815	47
5816	58
5817	59
5818	50
5819	55
5820	57
5821	61
5822	51
5823	64
5824	57
5825	65
5826	49
5827	48
5828	57
5829	56
5830	58
5831	63
5832	53
5833	65
5834	70
5835	60
5836	68
5837	64
5838	63
5839	63
5840	56
5841	76
5842	59
5843	59
5844	75
5845	68
5846	73
5847	54
5848	62
5849	57
5850	79
5851	58
5852	68
5853	64
5854	63
5855	57
5856	52
5857	63
5858	60
5859	68
5860	71
5861	73
5862	57
5863	59
5864	71
5865	65
5866	64
5867	71
5868	51
5869	62
5870	65
5871	58
5872	66
5873	68
5874	76
5875	71
5876	81
5877	64
5878	66
5879	57
5880	66
5881	49
5882	68
5883	70
5884	67
5885	66
5886	81
5887	67
5888	76
5889	75
5890	75
5891	57
5892	76
5893	63
5894	78
5895	90
5896	74
5897	60
5898	68
5899	72
5900	57
5901	79
5902	73
5903	80
5904	60
5905	68
5906	78
5907	57
5908	71
5909	74
5910	82
5911	63
5912	50
5913	82
5914	67
5915	64
5916	65
5917	61
5918	64
5919	73
5920	76
5921	77
5922	62
5923	68
5924	75
5925	59
5926	62
5927	64
5928	87
5929	72
5930	82
5931	61
5932	71
5933	66
5934	66
5935	70
5936	82
5937	68
5938	84
5939	76
5940	72
5941	73
5942	72
5943	82
5944	65
5945	59
5946	69
5947	82
5948	69
5949	57
5950	67
5951	74
5952	63
5953	61
5954	64
5955	68
5956	61
5957	79
5958	74
5959	83
5960	75
5961	66
5962	76
5963	64
5964	62
5965	86
5966	89
5967	78
5968	64
5969	62
5970	63
5971	67
5972	73
5973	82
5974	77
5975	71
5976	63
5977	63
5978	70
5979	79
5980	76
5981	64
5982	63
5983	78
5984	64
5985	79
5986	71
5987	75
5988	69
5989	74
5990	70
5991	69
5992	67
5993	65
5994	67
5995	66
5996	72
5997	70
5998	73
5999	66
6000	78
6001	77
6002	74
6003	78
6004	66
6005	69
6006	65
6007	68
6008	52
6009	81
6010	63
6011	72
6012	65
6013	68
6014	59
6015	67
6016	62
6017	71
6018	69
6019	61
6020	65
6021	81
6022	60
6023	75
6024	67
6025	77
6026	72
6027	52
6028	48
6029	77
6030	75
6031	63
6032	43
6033	58
6034	65
6035	71
6036	70
6037	63
6038	66
6039	55
6040	68
6041	78
6042	47
6043	68
6044	65
6045	57
6046	57
6047	54
6048	48
6049	47
6050	58
6051	75
6052	55
6053	52
6054	55
6055	66
6056	57
6057	59
6058	53
6059	55
6060	59
6061	46
6062	74
6063	65
6064	52
6065	58
6066	56
6067	65
6068	50
6069	53
6070	45
6071	52
6072	51
6073	68
6074	64
6075	65
6076	60
6077	66
6078	46
6079	62
6080	74
6081	61
6082	64
6083	70
6084	44
6085	59
6086	54
6087	58
6088	60
6089	54
6090	51
6091	67
6092	68
6093	51
6094	54
6095	50
6096	52
6097	68
6098	62
6099	56
6100	59
6101	50
6102	38
6103	49
6104	50
6105	52
6106	65
6107	37
6108	45
6109	47
6110	54
6111	49
6112	45
6113	48
6114	55
6115	57
6116	61
6117	52
6118	53
6119	63
6120	52
6121	43
6122	47
6123	42
6124	53
6125	46
6126	51
6127	57
6128	55
6129	54
6130	47
6131	38
6132	40
6133	35
6134	48
6135	41
6136	38
6137	37
6138	54
6139	47
6140	39
6141	50
6142	45
6143	37
6144	43
6145	41
6146	35
6147	53
6148	44
6149	52
6150	41
6151	35
6152	51
6153	55
6154	40
6155	56
6156	36
6157	45
6158	43
6159	31
6160	43
6161	33
6162	36
6163	31
6164	37
6165	52
6166	46
6167	49
6168	25
6169	40
6170	34
6171	41
6172	51
6173	38
6174	44
6175	39
6176	44
6177	41
6178	39
6179	36
6180	37
6181	39
6182	49
6183	40
6184	45
6185	36
6186	46
6187	36
6188	37
6189	30
6190	33
6191	26
6192	37
6193	25
6194	28
6195	40
6196	26
6197	32
6198	42
6199	23
6200	31
6201	32
6202	40
6203	34
6204	36
6205	30
6206	22
6207	27
6208	25
6209	23
6210	33
6211	27
6212	30
6213	22
6214	32
6215	29
6216	22
6217	25
6218	28
6219	27
6220	28
6221	29
6222	35
6223	20
6224	37
6225	27
6226	23
6227	21
6228	23
6229	21
6230	20
6231	28
6232	22
6233	25
6234	25
6235	26
6236	23
6237	26
6238	20
6239	17
6240	18
6241	28
6242	25
6243	23
6244	26
6245	25
6246	29
6247	21
6248	23
6249	21
6250	32
6251	25
6252	25
6253	27
6254	28
6255	18
6256	23
6257	19
6258	22
6259	23
6260	27
6261	22
6262	16
6263	28
6264	26
6265	17
6266	26
6267	12
6268	28
6269	10
6270	19
6271	18
6272	23
6273	26
6274	20
6275	17
6276	20
6277	24
6278	19
6279	24
6280	21
6281	16
6282	24
6283	19
6284	16
6285	10
6286	20
6287	12
6288	26
6289	17
6290	32
6291	19
6292	15
6293	16
6294	23
6295	27
6296	15
6297	21
6298	13
6299	16
6300	11
6301	20
6302	25
6303	8
6304	23
6305	18
6306	20
6307	18
6308	16
6309	22
6310	22
6311	23
6312	24
6313	15
6314	16
6315	18
6316	19
6317	21
6318	21
6319	20
6320	13
6321	12
6322	22
6323	10
6324	16
6325	14
6326	19
6327	14
6328	14
6329	14
6330	14
6331	21
6332	19
6333	14
6334	13
6335	19
6336	24
6337	19
6338	28
6339	17
6340	16
6341	20
6342	20
6343	17
6344	11
6345	7
6346	25
6347	25
6348	14
6349	17
6350	9
6351	9
6352	20
6353	12
6354	22
6355	16
6356	20
6357	19
6358	17
6359	18
6360	12
6361	16
6362	17
6363	21
6364	14
6365	25
6366	16
6367	16
6368	12
6369	21
6370	23
6371	23
6372	21
6373	13
6374	16
6375	17
6376	17
6377	13
6378	18
6379	22
6380	14
6381	19
6382	23
6383	20
6384	21
6385	18
6386	21
6387	19
6388	20
6389	16
6390	19
6391	25
6392	13
6393	12
6394	14
6395	18
6396	26
6397	22
6398	20
6399	20
6400	18
6401	13
6402	14
6403	19
6404	20
6405	22
6406	20
6407	19
6408	12
6409	19
6410	9
6411	25
6412	19
6413	20
6414	15
6415	16
6416	20
6417	21
6418	29
6419	18
6420	25
6421	21
6422	17
6423	12
6424	15
6425	25
6426	20
6427	22
6428	25
6429	18
6430	22
6431	20
6432	22
6433	19
6434	23
6435	18
6436	16
6437	27
6438	32
6439	19
6440	21
6441	22
6442	18
6443	24
6444	16
6445	19
6446	21
6447	25
6448	23
6449	15
6450	29
6451	24
6452	22
6453	20
6454	25
6455	23
6456	30
6457	19
6458	28
6459	26
6460	14
6461	24
6462	18
6463	24
6464	23
6465	23
6466	25
6467	19
6468	29
6469	28
6470	21
6471	33
6472	24
6473	27
6474	24
6475	19
6476	24
6477	29
6478	31
6479	25
6480	30
6481	32
6482	28
6483	32
6484	26
6485	37
6486	24
6487	30
6488	23
6489	26
6490	23
6491	27
6492	24
6493	20
6494	27
6495	23
6496	33
6497	22
6498	20
6499	37
6500	28
6501	24
6502	28
6503	30
6504	37
6505	24
6506	28
6507	30
6508	29
6509	29
6510	31
6511	25
6512	38
6513	34
6514	25
6515	32
6516	27
6517	36
6518	23
6519	31
6520	32
6521	37
6522	33
6523	27
6524	33
6525	27
6526	33
6527	31
6528	34
6529	33
6530	37
6531	40
6532	32
6533	39
6534	41
6535	31
6536	42
6537	35
6538	39
6539	39
6540	35
6541	41
6542	28
6543	56
6544	25
6545	42
6546	35
6547	32
6548	40
6549	39
6550	44
6551	44
6552	39
6553	25
6554	41
6555	38
6556	45
6557	43
6558	41
6559	42
6560	40
6561	45
6562	32
6563	38
6564	34
6565	50
6566	41
6567	47
6568	41
6569	33
6570	28
6571	43
6572	38
6573	46
6574	38
6575	40
6576	39
6577	53
6578	41
6579	35
6580	34
6581	36
6582	43
6583	47
6584	37
6585	42
6586	40
6587	35
6588	37
6589	43
6590	42
6591	35
6592	47
6593	39
6594	30
6595	55
6596	36
6597	41
6598	48
6599	51
6600	53
6601	42
6602	52
6603	39
6604	46
6605	43
6606	52
6607	53
6608	43
6609	55
6610	43
6611	38
6612	38
6613	36
6614	53
6615	52
6616	41
6617	35
6618	58
6619	40
6620	47
6621	46
6622	54
6623	56
6624	53
6625	38
6626	54
6627	45
6628	57
6629	61
6630	49
6631	54
6632	43
6633	39
6634	56
6635	45
6636	57
6637	46
6638	44
6639	51
6640	44
6641	54
6642	57
6643	53
6644	60
6645	54
6646	45
6647	52
6648	60
6649	45
6650	60
6651	50
6652	55
6653	57
6654	52
6655	48
6656	52
6657	49
6658	57
6659	44
6660	44
6661	46
6662	57
6663	49
6664	51
6665	50
6666	58
6667	46
6668	63
6669	39
6670	51
6671	45
6672	55
6673	53
6674	49
6675	57
6676	59
6677	62
6678	37
6679	54
6680	45
6681	50
6682	47
6683	55
6684	44
6685	45
6686	46
6687	58
6688	35
6689	55
6690	47
6691	44
6692	50
6693	52
6694	45
6695	53
6696	54
6697	62
6698	52
6699	51
6700	53
6701	52
6702	70
6703	62
6704	45
6705	55
6706	53
6707	53
6708	62
6709	50
6710	55
6711	58
6712	44
6713	66
6714	55
6715	61
6716	47
6717	56
6718	50
6719	60
6720	41
6721	61
6722	39
6723	59
6724	52
6725	70
6726	43
6727	49
6728	57
6729	57
6730	59
6731	55
6732	54
6733	59
6734	67
6735	66
6736	48
6737	56
6738	44
6739	66
6740	54
6741	70
6742	48
6743	56
6744	50
6745	52
6746	57
6747	48
6748	65
6749	60
6750	49
6751	57
6752	52
6753	55
6754	54
6755	62
6756	42
6757	62
6758	44
6759	60
6760	48
6761	60
6762	47
6763	53
6764	46
6765	50
6766	53
6767	46
6768	51
6769	45
6770	65
6771	54
6772	44
6773	66
6774	45
6775	66
6776	53
6777	46
6778	37
6779	53
6780	58
6781	53
6782	52
6783	52
6784	45
6785	54
6786	51
6787	55
6788	57
6789	52
6790	50
6791	47
6792	51
6793	47
6794	46
6795	50
6796	45
6797	53
6798	43
6799	55
6800	66
6801	41
6802	51
6803	47
6804	48
6805	50
6806	52
6807	33
6808	56
6809	46
6810	53
6811	41
6812	38
6813	40
6814	49
6815	47
6816	59
6817	40
6818	56
6819	58
6820	42
6821	41
6822	39
6823	51
6824	47
6825	51
6826	53
6827	49
6828	45
6829	68
6830	52
6831	61
6832	46
6833	41
6834	44
6835	47
6836	37
6837	38
6838	33
6839	50
6840	41
6841	51
6842	44
6843	45
6844	55
6845	44
6846	45
6847	45
6848	33
6849	37
6850	45
6851	34
6852	43
6853	52
6854	47
6855	47
6856	39
6857	56
6858	36
6859	38
6860	45
6861	37
6862	47
6863	37
6864	44
6865	41
6866	44
6867	46
6868	41
6869	44
6870	35
6871	39
6872	46
6873	43
6874	44
6875	45
6876	36
6877	34
6878	40
6879	46
6880	28
6881	42
6882	39
6883	40
6884	34
6885	48
6886	41
6887	37
6888	42
6889	39
6890	17
6891	37
6892	35
6893	39
6894	26
6895	38
6896	42
6897	37
6898	45
6899	37
6900	32
6901	45
6902	35
6903	33
6904	41
6905	31
6906	30
6907	43
6908	28
6909	32
6910	31
6911	31
6912	33
6913	34
6914	29
6915	31
6916	37
6917	40
6918	26
6919	30
6920	28
6921	27
6922	36
6923	27
6924	35
6925	35
6926	25
6927	22
6928	28
6929	36
6930	39
6931	37
6932	29
6933	24
6934	32
6935	33
6936	32
6937	22
6938	33
6939	37
6940	31
6941	28
6942	24
6943	29
6944	24
6945	25
6946	34
6947	30
6948	30
6949	26
6950	28
6951	28
6952	30
6953	23
6954	34
6955	22
6956	31
6957	32
6958	27
6959	20
6960	22
6961	27
6962	20
6963	37
6964	29
6965	25
6966	25
6967	22
6968	23
6969	20
6970	26
6971	23
6972	20
6973	35
6974	26
6975	22
6976	25
6977	17
6978	22
6979	21
6980	23
6981	24
6982	26
6983	18
6984	13
6985	34
6986	17
6987	15
6988	21
6989	22
6990	21
6991	16
6992	22
6993	20
6994	24
6995	22
6996	17
6997	15
6998	22
6999	24
7000	22
7001	20
7002	28
7003	21
7004	23
7005	23
7006	20
7007	25
7008	30
7009	22
7010	13
7011	15
7012	24
7013	21
7014	20
7015	16
7016	13
7017	23
7018	19
7019	15
7020	24
7021	13
7022	21
7023	13
7024	21
7025	10
7026	19
7027	18
7028	17
7029	13
7030	14
7031	12
7032	16
7033	18
7034	18
7035	18
7036	14
7037	14
7038	18
7039	16
7040	12
7041	16
7042	11
7043	15
7044	10
7045	15
7046	9
7047	14
7048	16
7049	10
7050	12
7051	12
7052	8
7053	15
7054	12
7055	13
7056	13
7057	13
7058	14
7059	11
7060	7
7061	10
7062	12
7063	14
7064	18
7065	8
7066	13
7067	13
7068	16
7069	16
7070	13
7071	13
7072	10
7073	10
7074	20
7075	12
7076	8
7077	10
7078	8
7079	9
7080	9
7081	14
7082	12
7083	19
7084	9
7085	8
7086	9
7087	9
7088	13
7089	8
7090	11
7091	11
7092	14
7093	9
7094	8
7095	12
7096	6
7097	9
7098	9
7099	11
7100	8
7101	10
7102	13
7103	6
7104	8
7105	11
7106	6
7107	9
7108	7
7109	8
7110	10
7111	11
7112	6
7113	5
7114	8
7115	10
7116	11
7117	6
7118	4
7119	3
7120	9
7121	9
7122	6
7123	9
7124	9
7125	4
7126	3
7127	9
7128	10
7129	7
7130	9
7131	8
7132	10
7133	5
7134	5
7135	9
7136	10
7137	6
7138	6
7139	7
7140	3
7141	10
7142	8
7143	4
7144	5
7145	10
7146	5
7147	2
7148	5
7149	7
7150	3
7151	7
7152	11
7153	10
7154	7
7155	5
7156	4
7157	5
7158	4
7159	9
7160	6
7161	4
7162	5
7163	3
7164	4
7165	9
7166	3
7167	5
7168	4
7169	3
7170	6
7171	4
7172	5
7173	2
7174	5
7175	2
7176	6
7177	6
7178	3
7179	4
7180	5
7181	2
7182	4
7183	4
7184	5
7185	7
7186	2
7187	1
7188	3
7189	9
7190	3
7191	5
7192	1
7193	2
7194	6
7195	5
7196	3
7197	7
7198	3
7199	7
7200	5
7201	2
7202	3
7203	6
7204	1
7205	0
7206	5
7207	6
7208	3
7209	1
7210	3
7211	1
7212	4
7213	4
7214	3
7215	3
7216	5
7217	4
7218	2
7219	1
7220	3
7221	7
7222	2
7223	1
7224	2
7225	2
7226	5
7227	3
7228	1
7229	3
7230	5
7231	3
7232	2
7233	0
7234	1
7235	4
7236	0
7237	5
7238	1
7239	0
7240	2
7241	4
7242	0
7243	1
7244	0
7245	2
7246	3
7247	0
7248	2
7249	0
7250	2
7251	0
7252	1
7253	1
7254	0
7255	1
7256	1
7257	4
7258	2
7259	2
7260	2
7261	1
7262	1
7263	1
7264	0
7265	1
7266	3
7267	1
7268	1
7269	1
7270	1
7271	2
7272	2
7273	3
7274	3
7275	0
7276	1
7277	0
7278	1
7279	3
7280	3
7281	1
7282	0
7283	1
7284	1
7285	0
7286	1
7287	3
7288	1
7289	3
7290	2
7291	2
7292	2
7293	1
7294	1
7295	1
7296	1
7297	1
7298	3
7299	2
7300	1
7301	2
7302	2
7303	1
7304	0
7305	4
7306	2
7307	1
7308	1
7309	2
7310	1
7311	2
7312	2
7313	0
7314	2
7315	0
7316	0
7317	2
7318	0
7319	0
7320	0
7321	1
7322	3
7323	2
7324	2
7325	2
7326	2
7327	2
7328	0
7329	0
7330	2
7331	1
7332	2
7333	0
7334	1
7335	2
7336	1
7337	0
7338	1
7339	0
7340	0
7341	1
7342	1
7343	0
7344	0
7345	0
7346	0
7347	1
7348	1
7349	2
7350	1
7351	0
7352	0
7353	0
7354	0
7355	0
7356	1
7357	0
7358	0
7359	0
7360	2
7361	2
7362	0
7363	0
7364	2
7365	0
7366	2
7367	0
7368	1
7369	1
7370	1
7371	0
7372	1
7373	0
7374	0
7375	0
7376	0
7377	0
7378	0
7379	0
7380	1
7381	1
7382	1
7383	0
7384	2
7385	1
7386	1
7387	0
7388	1
7389	0
7390	0
7391	0
7392	1
7393	0
7394	0
7395	0
7396	1
7397	0
7398	0
7399	1
7400	0
7401	1
7402	0
7403	0
7404	0
7405	1
7406	0
7407	1
7408	0
7409	2
7410	1
7411	1
7412	0
7413	0
7414	0
7415	0
7416	3
7417	0
7418	0
7419	0
7420	0
7421	1
7422	0
7423	1
7424	1
7425	0
7426	2
7427	0
7428	0
7429	0
7430	0
7431	0
7432	0
7433	0
7434	1
7435	1
7436	1
7437	0
7438	0
7439	0
7440	0
7441	0
7442	0
7443	0
7444	0
7445	0
7446	0
7447	0
7448	0
7449	0
7450	1
7451	0
7452	0
7453	0
7454	0
7455	0
7456	0
7457	0
7458	0
7459	0
7460	0
7461	0
7462	0
7463	0
7464	0
7465	0
7466	0
7467	0
7468	0
7469	0
7470	0
7471	1
7472	1
7473	0
7474	0
7475	0
7476	0
7477	1
7478	0
7479	0
7480	0
7481	0
7482	0
7483	0
7484	0
7485	0
7486	0
7487	0
7488	1
7489	0
7490	0
7491	0
7492	0
7493	0
7494	0
7495	0
7496	0
7497	0
7498	0
7499	0
7500	0
7501	0
7502	1
7503	0
7504	0
7505	0
7506	0
7507	0
7508	0
7509	0
7510	0
7511	0
7512	0
7513	1
7514	0
7515	0
7516	0
7517	0
7518	0
7519	0
7520	0
7521	0
7522	0
7523	0
7524	0
7525	0
7526	1
7527	0
7528	1
7529	0
7530	0
7531	0
7532	0
7533	0
7534	0
7535	0
7536	0
7537	0
7538	0
7539	0
7540	0
7541	0
7542	0
7543	0
7544	0
7545	0
7546	0
7547	0
7548	0
7549	0
7550	0
7551	0
7552	0
7553	0
7554	0
7555	0
7556	0
7557	0
7558	0
7559	0
7560	0
7561	0
7562	0
7563	0
7564	0
7565	0
7566	0
7567	0
7568	0
7569	0
7570	0
7571	0
7572	1
7573	0
7574	0
7575	0
7576	0
7577	0
7578	0
7579	0
7580	0
7581	0
7582	0
7583	0
7584	0
7585	0
7586	0
7587	0
7588	0
7589	0
7590	0
7591	0
7592	0
7593	0
7594	0
7595	0
7596	0
7597	0
7598	0
7599	0
7600	0
7601	0
7602	0
7603	0
7604	0
7605	0
7606	0
7607	0
7608	0
7609	0
7610	0
7611	0
7612	0
7613	0
7614	0
7615	0
7616	0
7617	0
7618	0
7619	0
7620	0
7621	0
7622	0
7623	0
7624	0
7625	0
7626	0
7627	0
7628	0
7629	0
7630	0
7631	0
7632	0
7633	0
7634	0
7635	0
7636	0
7637	0
7638	0
7639	0
7640	0
7641	0
7642	0
7643	0
7644	0
7645	0
7646	0
7647	0
7648	0
7649	0
7650	0
7651	0
7652	0
7653	0
7654	0
7655	0
7656	0
7657	0
7658	0
7659	0
7660	0
7661	0
7662	0
7663	0
7664	0
7665	0
7666	0
7667	0
7668	0
7669	0
7670	0
7671	0
7672	0
7673	0
7674	0
7675	0
7676	0
7677	0
7678	0
7679	0
7680	0
7681	0
7682	0
7683	0
7684	0
7685	0
7686	0
7687	0
7688	0
7689	0
7690	0
7691	0
7692	0
7693	0
7694	0
7695	0
7696	0
7697	0
7698	0
7699	0
7700	0
7701	0
7702	0
7703	0
7704	0
7705	0
7706	0
7707	0
7708	0
7709	0
7710	0
7711	0
7712	0
7713	0
7714	0
7715	0
7716	0
7717	0
7718	0
7719	0
7720	0
7721	0
7722	0
7723	0
7724	0
7725	0
7726	0
7727	0
7728	0
7729	0
7730	0
7731	0
7732	0
7733	0
7734	0
7735	0
7736	0
7737	0
7738	0
7739	0
7740	0
7741	0
7742	0
7743	0
7744	0
7745	0
7746	0
7747	0
7748	0
7749	0
7750	0
7751	1
7752	0
7753	0
7754	0
7755	0
7756	0
7757	0
7758	0
7759	0
7760	0
7761	0
7762	0
7763	0
7764	0
7765	0
7766	0
7767	0
7768	0
7769	0
7770	0
7771	0
7772	0
7773	0
7774	0
7775	0
7776	0
7777	0
7778	0
7779	0
7780	0
7781	0
7782	0
7783	0
7784	0
7785	0
7786	0
7787	0
7788	0
7789	0
7790	0
7791	0
7792	0
7793	0
7794	0
7795	0
7796	0
7797	0
7798	0
7799	0
7800	0
7801	0
7802	0
7803	0
7804	0
7805	0
7806	0
7807	0
7808	1
7809	0
7810	0
7811	0
7812	0
7813	0
7814	0
7815	0
7816	0
7817	0
7818	0
7819	0
7820	0
7821	0
7822	0
7823	0
7824	0
7825	0
7826	0
7827	0
7828	0
7829	0
7830	0
7831	0
7832	0
7833	0
7834	0
7835	0
7836	0
7837	0
7838	0
7839	0
7840	0
7841	0
7842	0
7843	0
7844	0
7845	0
7846	0
7847	0
7848	0
7849	0
7850	0
7851	0
7852	0
7853	0
7854	0
7855	0
7856	0
7857	0
7858	0
7859	0
7860	0
7861	0
7862	0
7863	0
7864	0
7865	0
7866	0
7867	0
7868	0
7869	0
7870	0
7871	0
7872	0
7873	0
7874	0
7875	0
7876	0
7877	0
7878	0
7879	0
7880	0
7881	0
7882	0
7883	0
7884	0
7885	0
7886	0
7887	0
7888	0
7889	0
7890	0
7891	0
7892	0
7893	0
7894	0
7895	0
7896	0
7897	0
7898	0
7899	0
7900	0
7901	0
7902	0
7903	0
7904	0
7905	0
7906	0
7907	0
7908	0
7909	0
7910	0
7911	0
7912	0
7913	0
7914	0
7915	0
7916	0
7917	0
7918	0
7919	0
7920	0
7921	0
7922	0
7923	0
7924	0
7925	0
7926	0
7927	0
7928	0
7929	0
7930	0
7931	0
7932	0
7933	0
7934	0
7935	0
7936	0
7937	0
7938	0
7939	0
7940	0
7941	0
7942	0
7943	0
7944	0
7945	0
7946	0
7947	0
7948	0
7949	0
7950	0
7951	0
7952	0
7953	0
7954	0
7955	0
7956	0
7957	0
7958	0
7959	0
7960	0
7961	0
7962	0
7963	0
7964	0
7965	0
7966	0
7967	0
7968	0
7969	0
7970	0
7971	0
7972	0
7973	0
7974	0
7975	0
7976	0
7977	0
7978	0
7979	0
7980	0
7981	0
7982	0
7983	0
7984	0
7985	0
7986	0
7987	0
7988	0
7989	0
7990	0
7991	0
7992	0
7993	0
7994	0
7995	0
7996	0
7997	0
7998	0
7999	0
8000	0
8001	0
8002	0
8003	0
8004	0
8005	0
8006	0
8007	0
8008	0
8009	0
8010	0
8011	0
8012	0
8013	0
8014	0
8015	0
8016	0
8017	0
8018	0
8019	0
8020	0
8021	0
8022	0
8023	0
8024	0
8025	0
8026	0
8027	0
8028	0
8029	0
8030	0
8031	0
8032	0
8033	0
8034	0
8035	0
8036	0
8037	0
8038	0
8039	0
8040	0
8041	0
8042	0
8043	0
8044	0
8045	0
8046	0
8047	0
8048	0
8049	0
8050	0
8051	0
8052	0
8053	0
8054	0
8055	0
8056	0
8057	0
8058	0
8059	0
8060	0
8061	0
8062	0
8063	0
8064	0
8065	0
8066	0
8067	0
8068	0
8069	0
8070	0
8071	0
8072	0
8073	0
8074	0
8075	0
8076	0
8077	0
8078	0
8079	0
8080	0
8081	0
8082	0
8083	0
8084	0
8085	0
8086	0
8087	0
8088	0
8089	0
8090	0
8091	0
8092	0
8093	0
8094	0
8095	0
8096	0
8097	0
8098	0
8099	0
8100	0
8101	0
8102	0
8103	0
8104	0
8105	0
8106	0
8107	0
8108	0
8109	0
8110	0
8111	0
8112	0
8113	0
8114	0
8115	0
8116	0
8117	0
8118	0
8119	0
8120	0
8121	0
8122	0
8123	0
8124	0
8125	0
8126	0
8127	0
8128	0
8129	0
8130	0
8131	0
8132	0
8133	0
8134	0
8135	0
8136	0
8137	0
8138	0
8139	0
8140	0
8141	0
8142	0
8143	0
8144	0
8145	0
8146	0
8147	0
8148	0
8149	0
8150	0
8151	0
8152	0
8153	0
8154	0
8155	0
8156	0
8157	0
8158	0
8159	0
8160	0
8161	0
8162	0
8163	0
8164	0
8165	0
8166	0
8167	0
8168	0
8169	0
8170	0
8171	0
8172	0
8173	0
8174	0
8175	0
8176	0
8177	0
8178	0
8179	0
8180	0
8181	0
8182	0
8183	0
8184	0
8185	0
8186	0
8187	0
8188	0
8189	0
8190	0
8191	0
8192	0
