1	0
2	0
3	0
4	0
5	0
6	0
7	0
8	0
9	0
10	0
11	0
12	0
13	0
14	0
15	0
16	0
17	0
18	0
19	0
20	0
21	2
22	0
23	0
24	1
25	0
26	0
27	0
28	0
29	2
30	0
31	1
32	0
33	1
34	0
35	0
36	0
37	0
38	0
39	1
40	0
41	2
42	0
43	1
44	1
45	1
46	0
47	1
48	0
49	0
50	2
51	0
52	1
53	0
54	4
55	13
56	22
57	29
58	30
59	27
60	26
61	59
62	535
63	2005
64	2471
65	2458
66	2481
67	2545
68	2351
69	2469
70	2378
71	2318
72	2437
73	2393
74	2316
75	2281
76	2295
77	2248
78	2363
79	2192
80	2274
81	2178
82	2184
83	2191
84	2092
85	2155
86	2057
87	2031
88	2166
89	1981
90	2028
91	2122
92	1945
93	2034
94	1894
95	1933
96	1920
97	1923
98	1995
99	1879
100	1984
101	1925
102	1834
103	1881
104	1934
105	1842
106	1835
107	1817
108	1882
109	1856
110	1757
111	1814
112	1784
113	1860
114	1790
115	1727
116	1681
117	1789
118	1780
119	1759
120	1749
121	1742
122	1767
123	1724
124	1703
125	1682
126	1688
127	1633
128	1658
129	1673
130	1714
131	1619
132	1647
133	1612
134	1725
135	1625
136	1656
137	1719
138	1672
139	1568
140	1634
141	1563
142	1641
143	1587
144	1616
145	1554
146	1556
147	1520
148	1594
149	1585
150	1526
151	1467
152	1513
153	1532
154	1478
155	1552
156	1479
157	1540
158	1583
159	1474
160	1502
161	1497
162	1525
163	1537
164	1516
165	1458
166	1476
167	1439
168	1466
169	1459
170	1395
171	1529
172	1448
173	1495
174	1496
175	1446
176	1447
177	1413
178	1418
179	1452
180	1416
181	1451
182	1438
183	1451
184	1392
185	1380
186	1379
187	1390
188	1426
189	1358
190	1439
191	1352
192	1450
193	1393
194	1414
195	1360
196	1355
197	1424
198	1329
199	1329
200	1420
201	1342
202	1326
203	1379
204	1389
205	1325
206	1383
207	1340
208	1380
209	1362
210	1396
211	1379
212	1365
213	1327
214	1383
215	1352
216	1306
217	1321
218	1316
219	1291
220	1292
221	1352
222	1234
223	1320
224	1287
225	1267
226	1297
227	1295
228	1302
229	1335
230	1370
231	1273
232	1266
233	1298
234	1320
235	1291
236	1244
237	1211
238	1296
239	1246
240	1251
241	1247
242	1245
243	1276
244	1279
245	1288
246	1229
247	1245
248	1293
249	1226
250	1181
251	1267
252	1247
253	1216
254	1250
255	1181
256	1217
257	1175
258	1267
259	1257
260	1250
261	1214
262	1262
263	1223
264	1232
265	1201
266	1228
267	1272
268	1247
269	1200
270	1182
271	1206
272	1155
273	1189
274	1232
275	1168
276	1174
277	1203
278	1126
279	1270
280	1198
281	1141
282	1212
283	1242
284	1220
285	1172
286	1126
287	1198
288	1186
289	1213
290	1220
291	1223
292	1148
293	1180
294	1149
295	1175
296	1118
297	1148
298	1175
299	1118
300	1154
301	1187
302	1185
303	1177
304	1205
305	1200
306	1142
307	1152
308	1127
309	1177
310	1112
311	1207
312	1169
313	1134
314	1130
315	1136
316	1140
317	1207
318	1115
319	1251
320	1214
321	1170
322	1201
323	1072
324	1106
325	1182
326	1148
327	1163
328	1269
329	1191
330	1120
331	1134
332	1153
333	1136
334	1102
335	1119
336	1173
337	1155
338	1185
339	1124
340	1092
341	1132
342	1103
343	1184
344	1147
345	1121
346	1080
347	1116
348	1145
349	1077
350	1053
351	1152
352	1170
353	1136
354	1168
355	1125
356	1167
357	1124
358	1097
359	1177
360	1145
361	1080
362	1086
363	1099
364	1158
365	1113
366	1085
367	1135
368	1151
369	1107
370	1117
371	1152
372	1128
373	1086
374	1128
375	1114
376	1158
377	1152
378	1101
379	1139
380	1102
381	1102
382	1157
383	1172
384	1138
385	1084
386	1127
387	1193
388	1163
389	1212
390	1288
391	1323
392	1470
393	1553
394	1705
395	1913
396	1956
397	1974
398	1830
399	1664
400	1597
401	1503
402	1535
403	1628
404	1820
405	2055
406	2286
407	2573
408	2696
409	2660
410	2318
411	2053
412	1753
413	1494
414	1343
415	1202
416	1134
417	1049
418	1081
419	1128
420	1071
421	1077
422	1083
423	1068
424	1070
425	1042
426	1081
427	1104
428	1005
429	1047
430	1032
431	1051
432	1031
433	1060
434	993
435	1100
436	1092
437	1104
438	1064
439	1048
440	1008
441	1070
442	1036
443	1097
444	1023
445	1065
446	990
447	1065
448	1056
449	1104
450	1000
451	1078
452	1058
453	1037
454	1161
455	1151
456	1245
457	1368
458	1470
459	1606
460	1681
461	1722
462	1664
463	1668
464	1557
465	1372
466	1300
467	1161
468	1122
469	1105
470	1134
471	1120
472	1140
473	1206
474	1129
475	1249
476	1238
477	1205
478	1149
479	1134
480	1095
481	1011
482	1086
483	952
484	981
485	990
486	995
487	981
488	989
489	967
490	1008
491	978
492	990
493	952
494	991
495	948
496	966
497	943
498	962
499	927
500	1005
501	965
502	896
503	946
504	1035
505	984
506	1013
507	1035
508	988
509	978
510	989
511	965
512	1002
513	1010
514	962
515	1005
516	964
517	966
518	971
519	973
520	964
521	968
522	1027
523	925
524	989
525	946
526	988
527	1022
528	965
529	969
530	956
531	1027
532	997
533	981
534	963
535	978
536	969
537	994
538	1001
539	917
540	1019
541	997
542	1006
543	962
544	941
545	1006
546	981
547	1010
548	929
549	948
550	940
551	984
552	980
553	914
554	933
555	973
556	938
557	985
558	968
559	944
560	947
561	970
562	954
563	976
564	956
565	986
566	957
567	936
568	899
569	963
570	1010
571	861
572	948
573	920
574	994
575	896
576	952
577	956
578	894
579	938
580	892
581	1003
582	925
583	919
584	923
585	967
586	972
587	958
588	936
589	940
590	941
591	918
592	959
593	997
594	855
595	882
596	972
597	929
598	996
599	900
600	869
601	944
602	932
603	950
604	907
605	913
606	884
607	921
608	945
609	920
610	941
611	930
612	972
613	958
614	901
615	954
616	918
617	908
618	977
619	926
620	910
621	926
622	869
623	916
624	949
625	934
626	907
627	868
628	888
629	925
630	920
631	870
632	901
633	977
634	917
635	903
636	924
637	911
638	898
639	930
640	882
641	879
642	937
643	909
644	910
645	864
646	889
647	966
648	854
649	883
650	922
651	920
652	905
653	918
654	972
655	913
656	959
657	918
658	888
659	943
660	896
661	905
662	921
663	926
664	976
665	915
666	910
667	873
668	957
669	881
670	902
671	898
672	930
673	936
674	887
675	928
676	904
677	888
678	920
679	908
680	973
681	887
682	926
683	913
684	898
685	837
686	943
687	867
688	879
689	890
690	850
691	913
692	890
693	890
694	920
695	886
696	915
697	837
698	879
699	916
700	891
701	962
702	873
703	911
704	913
705	892
706	866
707	861
708	891
709	881
710	869
711	930
712	921
713	902
714	892
715	873
716	845
717	862
718	853
719	913
720	876
721	878
722	906
723	902
724	832
725	885
726	840
727	918
728	881
729	913
730	831
731	883
732	884
733	878
734	930
735	850
736	898
737	842
738	891
739	851
740	841
741	868
742	894
743	857
744	891
745	873
746	889
747	913
748	846
749	876
750	938
751	935
752	907
753	848
754	846
755	886
756	911
757	883
758	812
759	931
760	826
761	933
762	860
763	844
764	867
765	878
766	845
767	851
768	880
769	810
770	827
771	854
772	832
773	892
774	888
775	841
776	835
777	823
778	858
779	867
780	841
781	864
782	833
783	874
784	884
785	891
786	896
787	860
788	823
789	847
790	810
791	842
792	878
793	835
794	815
795	848
796	861
797	859
798	851
799	849
800	825
801	855
802	875
803	868
804	826
805	798
806	835
807	840
808	858
809	824
810	830
811	876
812	853
813	857
814	867
815	851
816	864
817	864
818	867
819	859
820	909
821	918
822	841
823	909
824	801
825	820
826	860
827	876
828	867
829	831
830	817
831	880
832	841
833	850
834	872
835	856
836	786
837	844
838	818
839	815
840	835
841	809
842	778
843	783
844	861
845	835
846	781
847	769
848	803
849	810
850	852
851	918
852	852
853	808
854	808
855	899
856	813
857	809
858	832
859	767
860	818
861	819
862	807
863	852
864	804
865	779
866	822
867	858
868	779
869	861
870	824
871	825
872	833
873	804
874	800
875	811
876	756
877	784
878	834
879	795
880	841
881	813
882	801
883	797
884	893
885	831
886	828
887	784
888	831
889	787
890	758
891	824
892	811
893	776
894	817
895	815
896	825
897	787
898	808
899	870
900	832
901	822
902	804
903	823
904	816
905	779
906	852
907	814
908	828
909	795
910	762
911	801
912	767
913	817
914	842
915	826
916	760
917	772
918	802
919	789
920	793
921	761
922	805
923	811
924	775
925	743
926	755
927	782
928	769
929	855
930	770
931	867
932	860
933	806
934	821
935	794
936	804
937	784
938	822
939	816
940	815
941	792
942	781
943	794
944	777
945	777
946	806
947	865
948	799
949	808
950	869
951	805
952	815
953	812
954	805
955	746
956	799
957	827
958	793
959	769
960	780
961	762
962	778
963	818
964	809
965	782
966	769
967	762
968	757
969	794
970	795
971	747
972	726
973	790
974	774
975	752
976	774
977	792
978	806
979	804
980	793
981	808
982	830
983	746
984	779
985	795
986	778
987	777
988	830
989	788
990	806
991	747
992	738
993	782
994	771
995	799
996	789
997	775
998	741
999	776
1000	780
1001	804
1002	774
1003	782
1004	750
1005	784
1006	780
1007	755
1008	736
1009	732
1010	799
1011	734
1012	720
1013	732
1014	767
1015	808
1016	804
1017	802
1018	827
1019	754
1020	733
1021	704
1022	741
1023	818
1024	790
1025	796
1026	761
1027	740
1028	732
1029	743
1030	713
1031	730
1032	734
1033	796
1034	808
1035	760
1036	748
1037	713
1038	772
1039	783
1040	782
1041	741
1042	793
1043	774
1044	736
1045	756
1046	771
1047	719
1048	764
1049	751
1050	732
1051	731
1052	741
1053	753
1054	735
1055	783
1056	747
1057	734
1058	776
1059	788
1060	732
1061	753
1062	743
1063	747
1064	736
1065	763
1066	737
1067	748
1068	711
1069	735
1070	718
1071	756
1072	730
1073	751
1074	720
1075	786
1076	726
1077	691
1078	763
1079	722
1080	750
1081	742
1082	749
1083	762
1084	713
1085	744
1086	744
1087	788
1088	756
1089	741
1090	730
1091	747
1092	724
1093	710
1094	753
1095	764
1096	759
1097	757
1098	752
1099	790
1100	747
1101	735
1102	729
1103	737
1104	712
1105	746
1106	742
1107	777
1108	788
1109	728
1110	763
1111	723
1112	748
1113	749
1114	785
1115	739
1116	774
1117	766
1118	799
1119	746
1120	733
1121	761
1122	753
1123	752
1124	800
1125	770
1126	733
1127	748
1128	765
1129	776
1130	762
1131	723
1132	757
1133	752
1134	810
1135	758
1136	801
1137	785
1138	783
1139	791
1140	799
1141	799
1142	793
1143	831
1144	820
1145	831
1146	810
1147	814
1148	822
1149	826
1150	816
1151	877
1152	854
1153	837
1154	832
1155	847
1156	809
1157	770
1158	767
1159	788
1160	763
1161	851
1162	861
1163	832
1164	838
1165	844
1166	866
1167	800
1168	825
1169	870
1170	912
1171	865
1172	877
1173	876
1174	870
1175	896
1176	879
1177	849
1178	830
1179	844
1180	855
1181	873
1182	804
1183	837
1184	825
1185	889
1186	829
1187	840
1188	767
1189	810
1190	847
1191	849
1192	779
1193	778
1194	814
1195	839
1196	808
1197	821
1198	794
1199	847
1200	720
1201	807
1202	839
1203	798
1204	859
1205	785
1206	782
1207	847
1208	808
1209	772
1210	808
1211	815
1212	779
1213	758
1214	793
1215	711
1216	766
1217	775
1218	840
1219	793
1220	759
1221	817
1222	775
1223	778
1224	761
1225	779
1226	768
1227	775
1228	823
1229	782
1230	711
1231	755
1232	800
1233	752
1234	744
1235	783
1236	772
1237	729
1238	746
1239	786
1240	794
1241	754
1242	825
1243	742
1244	777
1245	770
1246	740
1247	766
1248	768
1249	755
1250	815
1251	764
1252	791
1253	716
1254	785
1255	791
1256	741
1257	730
1258	737
1259	743
1260	730
1261	732
1262	788
1263	745
1264	740
1265	738
1266	758
1267	749
1268	699
1269	717
1270	702
1271	821
1272	718
1273	748
1274	770
1275	771
1276	766
1277	762
1278	728
1279	769
1280	752
1281	739
1282	707
1283	762
1284	755
1285	765
1286	768
1287	751
1288	717
1289	763
1290	735
1291	730
1292	753
1293	710
1294	772
1295	681
1296	744
1297	730
1298	722
1299	718
1300	702
1301	749
1302	758
1303	752
1304	766
1305	743
1306	739
1307	722
1308	700
1309	697
1310	724
1311	706
1312	651
1313	749
1314	705
1315	675
1316	731
1317	726
1318	760
1319	725
1320	702
1321	703
1322	683
1323	718
1324	713
1325	690
1326	710
1327	713
1328	669
1329	658
1330	674
1331	680
1332	759
1333	711
1334	690
1335	742
1336	654
1337	680
1338	693
1339	696
1340	740
1341	677
1342	732
1343	714
1344	705
1345	724
1346	657
1347	714
1348	663
1349	702
1350	699
1351	663
1352	687
1353	663
1354	679
1355	702
1356	705
1357	668
1358	711
1359	723
1360	664
1361	690
1362	684
1363	653
1364	700
1365	709
1366	669
1367	686
1368	665
1369	643
1370	694
1371	647
1372	689
1373	659
1374	678
1375	698
1376	678
1377	739
1378	615
1379	694
1380	669
1381	659
1382	626
1383	659
1384	662
1385	702
1386	660
1387	729
1388	694
1389	651
1390	660
1391	643
1392	669
1393	696
1394	699
1395	662
1396	702
1397	708
1398	686
1399	692
1400	665
1401	651
1402	642
1403	699
1404	687
1405	644
1406	687
1407	663
1408	635
1409	685
1410	662
1411	645
1412	622
1413	711
1414	616
1415	690
1416	618
1417	674
1418	658
1419	739
1420	627
1421	662
1422	628
1423	686
1424	693
1425	664
1426	660
1427	634
1428	637
1429	609
1430	656
1431	628
1432	650
1433	683
1434	650
1435	633
1436	609
1437	642
1438	648
1439	626
1440	659
1441	672
1442	595
1443	689
1444	655
1445	639
1446	676
1447	607
1448	614
1449	646
1450	629
1451	657
1452	663
1453	640
1454	623
1455	653
1456	653
1457	637
1458	612
1459	659
1460	672
1461	650
1462	684
1463	616
1464	631
1465	630
1466	600
1467	657
1468	596
1469	635
1470	624
1471	607
1472	631
1473	648
1474	647
1475	642
1476	608
1477	641
1478	609
1479	620
1480	639
1481	672
1482	642
1483	684
1484	612
1485	622
1486	600
1487	614
1488	655
1489	667
1490	598
1491	632
1492	647
1493	617
1494	651
1495	637
1496	614
1497	611
1498	570
1499	631
1500	629
1501	617
1502	680
1503	583
1504	641
1505	586
1506	622
1507	566
1508	611
1509	630
1510	641
1511	669
1512	622
1513	618
1514	639
1515	653
1516	625
1517	632
1518	605
1519	619
1520	608
1521	620
1522	627
1523	621
1524	604
1525	622
1526	631
1527	569
1528	634
1529	580
1530	580
1531	658
1532	642
1533	627
1534	665
1535	608
1536	592
1537	647
1538	643
1539	605
1540	631
1541	627
1542	604
1543	642
1544	610
1545	614
1546	623
1547	599
1548	569
1549	591
1550	635
1551	608
1552	609
1553	608
1554	602
1555	612
1556	634
1557	590
1558	589
1559	639
1560	602
1561	569
1562	619
1563	603
1564	601
1565	631
1566	597
1567	578
1568	577
1569	649
1570	577
1571	590
1572	595
1573	584
1574	587
1575	581
1576	607
1577	597
1578	655
1579	571
1580	589
1581	593
1582	595
1583	563
1584	570
1585	591
1586	591
1587	587
1588	572
1589	597
1590	584
1591	614
1592	607
1593	602
1594	595
1595	613
1596	649
1597	551
1598	582
1599	525
1600	591
1601	600
1602	594
1603	571
1604	567
1605	547
1606	595
1607	567
1608	612
1609	552
1610	597
1611	607
1612	595
1613	574
1614	593
1615	623
1616	575
1617	602
1618	557
1619	582
1620	599
1621	573
1622	549
1623	605
1624	582
1625	578
1626	580
1627	633
1628	538
1629	597
1630	628
1631	565
1632	564
1633	571
1634	597
1635	632
1636	547
1637	586
1638	615
1639	576
1640	588
1641	620
1642	581
1643	578
1644	581
1645	609
1646	600
1647	606
1648	570
1649	555
1650	564
1651	568
1652	521
1653	541
1654	577
1655	545
1656	553
1657	588
1658	570
1659	620
1660	592
1661	565
1662	592
1663	600
1664	599
1665	557
1666	590
1667	587
1668	570
1669	565
1670	572
1671	625
1672	592
1673	608
1674	593
1675	615
1676	561
1677	561
1678	562
1679	576
1680	571
1681	630
1682	570
1683	599
1684	626
1685	622
1686	632
1687	607
1688	661
1689	683
1690	743
1691	706
1692	700
1693	733
1694	659
1695	714
1696	661
1697	590
1698	579
1699	573
1700	563
1701	564
1702	541
1703	582
1704	564
1705	561
1706	545
1707	541
1708	552
1709	574
1710	591
1711	568
1712	556
1713	604
1714	521
1715	593
1716	551
1717	606
1718	589
1719	564
1720	533
1721	541
1722	591
1723	565
1724	538
1725	536
1726	592
1727	534
1728	543
1729	545
1730	564
1731	547
1732	515
1733	520
1734	542
1735	570
1736	536
1737	547
1738	540
1739	510
1740	553
1741	564
1742	570
1743	567
1744	548
1745	552
1746	566
1747	577
1748	561
1749	569
1750	589
1751	509
1752	527
1753	530
1754	569
1755	559
1756	560
1757	551
1758	557
1759	569
1760	598
1761	527
1762	550
1763	595
1764	543
1765	557
1766	547
1767	565
1768	559
1769	499
1770	542
1771	556
1772	522
1773	571
1774	576
1775	556
1776	550
1777	554
1778	570
1779	574
1780	537
1781	568
1782	532
1783	534
1784	502
1785	543
1786	546
1787	551
1788	542
1789	519
1790	501
1791	518
1792	551
1793	517
1794	612
1795	533
1796	559
1797	503
1798	536
1799	558
1800	575
1801	541
1802	537
1803	551
1804	529
1805	534
1806	573
1807	533
1808	540
1809	517
1810	524
1811	546
1812	542
1813	569
1814	544
1815	534
1816	503
1817	533
1818	573
1819	625
1820	516
1821	553
1822	540
1823	549
1824	501
1825	533
1826	555
1827	581
1828	532
1829	487
1830	544
1831	524
1832	514
1833	543
1834	548
1835	588
1836	547
1837	552
1838	567
1839	551
1840	523
1841	531
1842	530
1843	572
1844	560
1845	550
1846	540
1847	557
1848	571
1849	545
1850	532
1851	529
1852	529
1853	522
1854	517
1855	556
1856	530
1857	574
1858	513
1859	502
1860	542
1861	516
1862	570
1863	527
1864	535
1865	533
1866	555
1867	524
1868	577
1869	518
1870	535
1871	530
1872	537
1873	518
1874	508
1875	552
1876	529
1877	525
1878	542
1879	502
1880	540
1881	568
1882	529
1883	539
1884	514
1885	557
1886	564
1887	550
1888	568
1889	494
1890	496
1891	553
1892	503
1893	509
1894	508
1895	513
1896	590
1897	548
1898	526
1899	564
1900	538
1901	559
1902	513
1903	498
1904	533
1905	566
1906	557
1907	599
1908	505
1909	542
1910	523
1911	576
1912	526
1913	569
1914	496
1915	509
1916	518
1917	514
1918	514
1919	520
1920	516
1921	541
1922	540
1923	532
1924	490
1925	527
1926	542
1927	501
1928	517
1929	522
1930	502
1931	543
1932	504
1933	503
1934	514
1935	473
1936	480
1937	520
1938	504
1939	504
1940	474
1941	465
1942	529
1943	490
1944	510
1945	542
1946	535
1947	468
1948	546
1949	489
1950	495
1951	491
1952	543
1953	509
1954	519
1955	521
1956	538
1957	565
1958	481
1959	538
1960	542
1961	522
1962	533
1963	499
1964	493
1965	502
1966	500
1967	501
1968	510
1969	544
1970	503
1971	531
1972	512
1973	518
1974	551
1975	553
1976	559
1977	523
1978	526
1979	514
1980	522
1981	505
1982	519
1983	481
1984	468
1985	532
1986	502
1987	566
1988	512
1989	495
1990	485
1991	466
1992	516
1993	485
1994	502
1995	532
1996	520
1997	539
1998	531
1999	500
2000	528
2001	483
2002	493
2003	509
2004	470
2005	518
2006	530
2007	527
2008	469
2009	500
2010	511
2011	477
2012	487
2013	525
2014	534
2015	513
2016	512
2017	479
2018	536
2019	491
2020	471
2021	482
2022	513
2023	464
2024	502
2025	484
2026	458
2027	521
2028	472
2029	489
2030	481
2031	484
2032	497
2033	486
2034	486
2035	495
2036	487
2037	514
2038	496
2039	473
2040	505
2041	507
2042	474
2043	512
2044	502
2045	533
2046	519
2047	540
2048	513
2049	483
2050	529
2051	537
2052	511
2053	498
2054	498
2055	503
2056	537
2057	492
2058	447
2059	465
2060	458
2061	466
2062	470
2063	476
2064	499
2065	500
2066	487
2067	492
2068	471
2069	487
2070	540
2071	512
2072	510
2073	502
2074	487
2075	455
2076	507
2077	511
2078	482
2079	478
2080	481
2081	489
2082	500
2083	506
2084	503
2085	498
2086	461
2087	523
2088	487
2089	498
2090	542
2091	483
2092	482
2093	493
2094	496
2095	514
2096	485
2097	501
2098	512
2099	478
2100	518
2101	460
2102	487
2103	482
2104	488
2105	533
2106	452
2107	473
2108	484
2109	467
2110	480
2111	466
2112	520
2113	465
2114	495
2115	476
2116	467
2117	487
2118	502
2119	518
2120	490
2121	485
2122	499
2123	455
2124	496
2125	481
2126	500
2127	484
2128	489
2129	509
2130	482
2131	476
2132	518
2133	526
2134	470
2135	489
2136	503
2137	505
2138	486
2139	507
2140	486
2141	498
2142	494
2143	506
2144	502
2145	464
2146	508
2147	430
2148	436
2149	492
2150	470
2151	490
2152	479
2153	485
2154	466
2155	464
2156	478
2157	482
2158	496
2159	458
2160	522
2161	454
2162	476
2163	469
2164	449
2165	487
2166	457
2167	520
2168	505
2169	500
2170	471
2171	469
2172	474
2173	463
2174	460
2175	451
2176	482
2177	483
2178	498
2179	493
2180	479
2181	477
2182	486
2183	501
2184	467
2185	482
2186	523
2187	512
2188	467
2189	450
2190	506
2191	475
2192	478
2193	491
2194	488
2195	459
2196	515
2197	465
2198	442
2199	468
2200	478
2201	447
2202	519
2203	458
2204	520
2205	524
2206	500
2207	480
2208	497
2209	504
2210	466
2211	482
2212	470
2213	490
2214	439
2215	445
2216	494
2217	484
2218	507
2219	482
2220	486
2221	451
2222	522
2223	481
2224	462
2225	520
2226	486
2227	532
2228	484
2229	503
2230	479
2231	507
2232	462
2233	524
2234	445
2235	475
2236	499
2237	504
2238	487
2239	470
2240	481
2241	467
2242	465
2243	477
2244	467
2245	494
2246	504
2247	476
2248	447
2249	481
2250	499
2251	508
2252	465
2253	436
2254	508
2255	474
2256	474
2257	480
2258	492
2259	455
2260	512
2261	512
2262	458
2263	444
2264	470
2265	450
2266	475
2267	452
2268	449
2269	488
2270	465
2271	528
2272	430
2273	446
2274	447
2275	442
2276	482
2277	439
2278	472
2279	407
2280	476
2281	450
2282	502
2283	457
2284	468
2285	483
2286	460
2287	466
2288	457
2289	487
2290	441
2291	448
2292	462
2293	488
2294	502
2295	505
2296	465
2297	519
2298	483
2299	480
2300	481
2301	467
2302	522
2303	488
2304	464
2305	471
2306	475
2307	476
2308	493
2309	474
2310	506
2311	458
2312	459
2313	443
2314	447
2315	447
2316	485
2317	464
2318	464
2319	471
2320	421
2321	484
2322	456
2323	457
2324	458
2325	446
2326	445
2327	493
2328	452
2329	449
2330	450
2331	456
2332	463
2333	454
2334	452
2335	418
2336	470
2337	451
2338	450
2339	413
2340	460
2341	475
2342	442
2343	462
2344	455
2345	469
2346	506
2347	472
2348	465
2349	467
2350	501
2351	436
2352	476
2353	441
2354	463
2355	435
2356	467
2357	455
2358	460
2359	467
2360	482
2361	459
2362	467
2363	447
2364	459
2365	480
2366	447
2367	471
2368	481
2369	465
2370	440
2371	486
2372	425
2373	446
2374	440
2375	478
2376	463
2377	456
2378	450
2379	488
2380	445
2381	445
2382	496
2383	503
2384	485
2385	438
2386	422
2387	469
2388	474
2389	464
2390	421
2391	486
2392	459
2393	433
2394	441
2395	413
2396	448
2397	438
2398	466
2399	426
2400	455
2401	436
2402	450
2403	479
2404	466
2405	474
2406	488
2407	464
2408	472
2409	445
2410	427
2411	432
2412	464
2413	481
2414	456
2415	441
2416	480
2417	451
2418	457
2419	440
2420	435
2421	479
2422	475
2423	429
2424	482
2425	473
2426	469
2427	457
2428	434
2429	431
2430	442
2431	474
2432	433
2433	438
2434	418
2435	444
2436	481
2437	442
2438	390
2439	445
2440	460
2441	478
2442	443
2443	452
2444	445
2445	469
2446	465
2447	481
2448	459
2449	456
2450	451
2451	469
2452	445
2453	432
2454	473
2455	498
2456	444
2457	423
2458	468
2459	439
2460	439
2461	421
2462	466
2463	444
2464	455
2465	472
2466	485
2467	445
2468	472
2469	415
2470	461
2471	441
2472	453
2473	445
2474	450
2475	475
2476	431
2477	461
2478	457
2479	432
2480	493
2481	441
2482	482
2483	465
2484	461
2485	474
2486	461
2487	453
2488	414
2489	427
2490	470
2491	454
2492	440
2493	445
2494	444
2495	465
2496	451
2497	445
2498	465
2499	477
2500	468
2501	406
2502	487
2503	418
2504	483
2505	460
2506	444
2507	450
2508	444
2509	484
2510	441
2511	473
2512	409
2513	467
2514	469
2515	453
2516	449
2517	460
2518	442
2519	469
2520	434
2521	442
2522	462
2523	418
2524	422
2525	405
2526	435
2527	432
2528	439
2529	462
2530	411
2531	453
2532	436
2533	438
2534	405
2535	414
2536	467
2537	445
2538	467
2539	435
2540	457
2541	402
2542	412
2543	462
2544	459
2545	418
2546	488
2547	407
2548	441
2549	475
2550	477
2551	442
2552	407
2553	452
2554	402
2555	403
2556	452
2557	416
2558	402
2559	438
2560	424
2561	466
2562	444
2563	430
2564	453
2565	416
2566	462
2567	439
2568	409
2569	432
2570	441
2571	420
2572	475
2573	453
2574	447
2575	452
2576	461
2577	437
2578	427
2579	450
2580	481
2581	474
2582	462
2583	434
2584	460
2585	451
2586	424
2587	423
2588	451
2589	426
2590	413
2591	475
2592	426
2593	461
2594	479
2595	450
2596	417
2597	437
2598	444
2599	448
2600	435
2601	425
2602	438
2603	461
2604	447
2605	442
2606	449
2607	417
2608	446
2609	482
2610	476
2611	438
2612	448
2613	400
2614	472
2615	435
2616	445
2617	369
2618	421
2619	454
2620	433
2621	425
2622	437
2623	445
2624	405
2625	459
2626	455
2627	415
2628	473
2629	444
2630	409
2631	418
2632	412
2633	408
2634	440
2635	430
2636	422
2637	422
2638	443
2639	459
2640	413
2641	448
2642	424
2643	420
2644	437
2645	461
2646	410
2647	416
2648	425
2649	460
2650	417
2651	452
2652	446
2653	453
2654	425
2655	440
2656	404
2657	414
2658	432
2659	426
2660	448
2661	422
2662	442
2663	434
2664	424
2665	444
2666	491
2667	448
2668	453
2669	419
2670	465
2671	462
2672	409
2673	415
2674	430
2675	451
2676	413
2677	427
2678	451
2679	444
2680	434
2681	436
2682	455
2683	426
2684	435
2685	425
2686	391
2687	396
2688	438
2689	460
2690	452
2691	456
2692	429
2693	482
2694	447
2695	438
2696	431
2697	416
2698	420
2699	407
2700	416
2701	443
2702	420
2703	445
2704	426
2705	447
2706	412
2707	391
2708	436
2709	432
2710	436
2711	426
2712	453
2713	441
2714	415
2715	402
2716	481
2717	425
2718	413
2719	408
2720	451
2721	440
2722	413
2723	421
2724	417
2725	432
2726	422
2727	483
2728	466
2729	427
2730	404
2731	440
2732	436
2733	452
2734	418
2735	436
2736	408
2737	392
2738	429
2739	414
2740	428
2741	432
2742	413
2743	409
2744	381
2745	433
2746	406
2747	450
2748	424
2749	450
2750	441
2751	382
2752	377
2753	446
2754	408
2755	397
2756	467
2757	447
2758	447
2759	430
2760	448
2761	434
2762	445
2763	477
2764	434
2765	415
2766	438
2767	450
2768	412
2769	449
2770	430
2771	460
2772	449
2773	407
2774	456
2775	475
2776	474
2777	452
2778	474
2779	452
2780	479
2781	477
2782	507
2783	513
2784	494
2785	468
2786	449
2787	463
2788	465
2789	466
2790	442
2791	477
2792	436
2793	437
2794	454
2795	421
2796	434
2797	443
2798	403
2799	433
2800	436
2801	408
2802	452
2803	422
2804	407
2805	457
2806	445
2807	432
2808	474
2809	431
2810	419
2811	396
2812	418
2813	428
2814	451
2815	455
2816	391
2817	448
2818	425
2819	449
2820	411
2821	406
2822	428
2823	423
2824	438
2825	418
2826	435
2827	413
2828	446
2829	419
2830	420
2831	432
2832	434
2833	426
2834	404
2835	379
2836	429
2837	430
2838	410
2839	406
2840	446
2841	429
2842	444
2843	437
2844	383
2845	417
2846	405
2847	426
2848	415
2849	402
2850	395
2851	414
2852	414
2853	421
2854	446
2855	447
2856	441
2857	440
2858	437
2859	463
2860	418
2861	449
2862	425
2863	399
2864	416
2865	435
2866	403
2867	436
2868	431
2869	449
2870	462
2871	426
2872	411
2873	424
2874	396
2875	417
2876	412
2877	425
2878	411
2879	426
2880	393
2881	419
2882	406
2883	458
2884	445
2885	410
2886	423
2887	387
2888	441
2889	428
2890	401
2891	430
2892	435
2893	404
2894	405
2895	430
2896	413
2897	440
2898	369
2899	436
2900	412
2901	456
2902	423
2903	420
2904	425
2905	432
2906	403
2907	387
2908	414
2909	387
2910	440
2911	442
2912	445
2913	433
2914	460
2915	407
2916	406
2917	396
2918	411
2919	424
2920	440
2921	416
2922	427
2923	436
2924	430
2925	442
2926	436
2927	437
2928	394
2929	401
2930	398
2931	403
2932	392
2933	414
2934	415
2935	400
2936	393
2937	421
2938	416
2939	432
2940	397
2941	427
2942	420
2943	436
2944	388
2945	408
2946	397
2947	396
2948	402
2949	378
2950	403
2951	408
2952	387
2953	394
2954	392
2955	444
2956	403
2957	403
2958	388
2959	438
2960	426
2961	403
2962	404
2963	474
2964	386
2965	410
2966	410
2967	424
2968	410
2969	448
2970	400
2971	430
2972	441
2973	455
2974	385
2975	380
2976	421
2977	387
2978	437
2979	435
2980	419
2981	438
2982	432
2983	441
2984	457
2985	414
2986	429
2987	419
2988	439
2989	399
2990	430
2991	447
2992	417
2993	455
2994	427
2995	411
2996	409
2997	442
2998	427
2999	390
3000	404
3001	406
3002	397
3003	384
3004	403
3005	416
3006	426
3007	440
3008	405
3009	444
3010	419
3011	394
3012	410
3013	400
3014	430
3015	383
3016	422
3017	392
3018	411
3019	399
3020	406
3021	423
3022	408
3023	454
3024	423
3025	422
3026	429
3027	374
3028	367
3029	428
3030	440
3031	399
3032	438
3033	421
3034	408
3035	389
3036	400
3037	433
3038	400
3039	411
3040	406
3041	402
3042	420
3043	386
3044	428
3045	417
3046	406
3047	392
3048	387
3049	403
3050	384
3051	377
3052	423
3053	412
3054	423
3055	386
3056	390
3057	396
3058	409
3059	415
3060	376
3061	406
3062	410
3063	452
3064	411
3065	394
3066	407
3067	381
3068	405
3069	403
3070	384
3071	371
3072	397
3073	431
3074	410
3075	375
3076	386
3077	408
3078	408
3079	395
3080	410
3081	388
3082	425
3083	412
3084	399
3085	386
3086	408
3087	418
3088	374
3089	391
3090	376
3091	387
3092	427
3093	433
3094	418
3095	419
3096	404
3097	433
3098	391
3099	418
3100	368
3101	394
3102	380
3103	428
3104	418
3105	375
3106	394
3107	379
3108	377
3109	418
3110	411
3111	423
3112	427
3113	395
3114	428
3115	436
3116	396
3117	370
3118	376
3119	431
3120	402
3121	385
3122	398
3123	367
3124	399
3125	413
3126	387
3127	425
3128	415
3129	429
3130	394
3131	429
3132	426
3133	399
3134	420
3135	383
3136	432
3137	389
3138	408
3139	435
3140	419
3141	420
3142	452
3143	376
3144	389
3145	407
3146	422
3147	383
3148	371
3149	394
3150	424
3151	386
3152	389
3153	390
3154	394
3155	398
3156	369
3157	392
3158	406
3159	389
3160	418
3161	381
3162	413
3163	400
3164	439
3165	429
3166	426
3167	439
3168	433
3169	417
3170	388
3171	440
3172	353
3173	399
3174	418
3175	413
3176	385
3177	404
3178	442
3179	413
3180	378
3181	372
3182	415
3183	436
3184	381
3185	408
3186	423
3187	414
3188	395
3189	373
3190	388
3191	403
3192	401
3193	390
3194	379
3195	358
3196	391
3197	400
3198	371
3199	396
3200	430
3201	420
3202	387
3203	462
3204	424
3205	402
3206	387
3207	416
3208	377
3209	431
3210	414
3211	388
3212	383
3213	405
3214	417
3215	400
3216	410
3217	363
3218	414
3219	392
3220	447
3221	421
3222	400
3223	427
3224	433
3225	395
3226	425
3227	394
3228	409
3229	389
3230	401
3231	363
3232	380
3233	433
3234	400
3235	393
3236	380
3237	417
3238	409
3239	374
3240	444
3241	421
3242	443
3243	419
3244	390
3245	423
3246	407
3247	424
3248	410
3249	362
3250	392
3251	398
3252	404
3253	371
3254	371
3255	409
3256	407
3257	397
3258	392
3259	420
3260	419
3261	396
3262	350
3263	370
3264	398
3265	411
3266	374
3267	416
3268	407
3269	378
3270	371
3271	383
3272	398
3273	407
3274	408
3275	398
3276	385
3277	394
3278	415
3279	384
3280	409
3281	403
3282	447
3283	412
3284	387
3285	402
3286	384
3287	403
3288	397
3289	395
3290	386
3291	390
3292	370
3293	357
3294	365
3295	370
3296	422
3297	413
3298	390
3299	381
3300	435
3301	372
3302	380
3303	376
3304	410
3305	414
3306	395
3307	399
3308	384
3309	412
3310	399
3311	386
3312	413
3313	411
3314	396
3315	468
3316	452
3317	410
3318	408
3319	415
3320	393
3321	387
3322	433
3323	407
3324	381
3325	387
3326	382
3327	380
3328	450
3329	371
3330	413
3331	394
3332	392
3333	407
3334	401
3335	389
3336	389
3337	409
3338	370
3339	396
3340	405
3341	396
3342	381
3343	407
3344	371
3345	381
3346	416
3347	397
3348	359
3349	422
3350	431
3351	407
3352	403
3353	400
3354	427
3355	378
3356	364
3357	411
3358	397
3359	398
3360	393
3361	415
3362	407
3363	376
3364	371
3365	417
3366	403
3367	386
3368	420
3369	387
3370	395
3371	392
3372	377
3373	443
3374	449
3375	398
3376	406
3377	383
3378	407
3379	408
3380	401
3381	398
3382	390
3383	366
3384	374
3385	416
3386	391
3387	374
3388	407
3389	382
3390	410
3391	392
3392	372
3393	398
3394	368
3395	358
3396	413
3397	384
3398	374
3399	414
3400	350
3401	374
3402	395
3403	399
3404	374
3405	367
3406	373
3407	381
3408	374
3409	381
3410	399
3411	433
3412	400
3413	436
3414	413
3415	355
3416	394
3417	380
3418	413
3419	400
3420	412
3421	374
3422	396
3423	400
3424	384
3425	376
3426	403
3427	380
3428	397
3429	373
3430	401
3431	372
3432	401
3433	393
3434	404
3435	408
3436	351
3437	389
3438	395
3439	377
3440	358
3441	397
3442	404
3443	391
3444	351
3445	404
3446	339
3447	410
3448	398
3449	399
3450	407
3451	400
3452	374
3453	400
3454	387
3455	429
3456	394
3457	392
3458	427
3459	367
3460	389
3461	400
3462	387
3463	388
3464	410
3465	380
3466	407
3467	342
3468	410
3469	408
3470	402
3471	391
3472	396
3473	391
3474	390
3475	404
3476	370
3477	390
3478	388
3479	412
3480	421
3481	382
3482	386
3483	417
3484	389
3485	422
3486	358
3487	390
3488	380
3489	355
3490	414
3491	381
3492	410
3493	387
3494	364
3495	406
3496	402
3497	378
3498	421
3499	376
3500	402
3501	381
3502	364
3503	391
3504	400
3505	393
3506	368
3507	376
3508	358
3509	369
3510	385
3511	408
3512	366
3513	434
3514	383
3515	382
3516	400
3517	355
3518	402
3519	413
3520	404
3521	382
3522	390
3523	373
3524	380
3525	346
3526	403
3527	395
3528	371
3529	380
3530	382
3531	362
3532	366
3533	393
3534	375
3535	346
3536	390
3537	394
3538	354
3539	395
3540	401
3541	387
3542	394
3543	399
3544	392
3545	380
3546	407
3547	404
3548	390
3549	358
3550	398
3551	433
3552	374
3553	365
3554	372
3555	359
3556	409
3557	445
3558	365
3559	389
3560	388
3561	341
3562	344
3563	413
3564	397
3565	375
3566	390
3567	381
3568	355
3569	363
3570	387
3571	364
3572	388
3573	367
3574	384
3575	410
3576	398
3577	404
3578	393
3579	382
3580	416
3581	388
3582	393
3583	390
3584	376
3585	393
3586	381
3587	407
3588	380
3589	371
3590	391
3591	387
3592	381
3593	376
3594	384
3595	422
3596	422
3597	372
3598	391
3599	394
3600	380
3601	398
3602	386
3603	402
3604	368
3605	387
3606	387
3607	412
3608	354
3609	390
3610	353
3611	380
3612	386
3613	373
3614	388
3615	352
3616	385
3617	395
3618	353
3619	403
3620	404
3621	405
3622	400
3623	387
3624	394
3625	383
3626	375
3627	403
3628	403
3629	387
3630	375
3631	370
3632	395
3633	389
3634	404
3635	397
3636	336
3637	384
3638	402
3639	396
3640	388
3641	393
3642	374
3643	370
3644	402
3645	407
3646	390
3647	394
3648	391
3649	402
3650	389
3651	374
3652	388
3653	379
3654	388
3655	371
3656	408
3657	393
3658	361
3659	358
3660	356
3661	387
3662	380
3663	382
3664	374
3665	368
3666	354
3667	377
3668	368
3669	368
3670	386
3671	411
3672	373
3673	410
3674	398
3675	385
3676	360
3677	375
3678	356
3679	348
3680	411
3681	405
3682	400
3683	366
3684	364
3685	393
3686	350
3687	358
3688	411
3689	395
3690	403
3691	367
3692	381
3693	371
3694	412
3695	396
3696	370
3697	410
3698	362
3699	403
3700	344
3701	389
3702	402
3703	372
3704	421
3705	386
3706	375
3707	377
3708	394
3709	382
3710	398
3711	362
3712	353
3713	405
3714	399
3715	360
3716	332
3717	385
3718	383
3719	349
3720	360
3721	365
3722	400
3723	369
3724	361
3725	351
3726	397
3727	378
3728	364
3729	386
3730	425
3731	405
3732	371
3733	376
3734	380
3735	399
3736	401
3737	370
3738	404
3739	405
3740	364
3741	391
3742	379
3743	393
3744	375
3745	362
3746	374
3747	342
3748	409
3749	380
3750	350
3751	344
3752	381
3753	405
3754	369
3755	365
3756	384
3757	356
3758	349
3759	391
3760	362
3761	349
3762	387
3763	387
3764	381
3765	374
3766	390
3767	386
3768	410
3769	408
3770	384
3771	387
3772	384
3773	338
3774	400
3775	414
3776	386
3777	373
3778	346
3779	403
3780	377
3781	361
3782	384
3783	365
3784	383
3785	385
3786	380
3787	346
3788	356
3789	378
3790	379
3791	379
3792	373
3793	379
3794	392
3795	383
3796	374
3797	404
3798	378
3799	396
3800	382
3801	351
3802	397
3803	378
3804	338
3805	370
3806	324
3807	403
3808	369
3809	392
3810	397
3811	381
3812	347
3813	368
3814	381
3815	395
3816	378
3817	381
3818	387
3819	385
3820	375
3821	409
3822	369
3823	384
3824	393
3825	356
3826	385
3827	376
3828	393
3829	381
3830	363
3831	390
3832	385
3833	393
3834	396
3835	375
3836	395
3837	346
3838	349
3839	343
3840	398
3841	434
3842	360
3843	361
3844	364
3845	385
3846	370
3847	387
3848	414
3849	369
3850	358
3851	384
3852	364
3853	380
3854	383
3855	399
3856	391
3857	353
3858	352
3859	350
3860	376
3861	374
3862	401
3863	385
3864	350
3865	340
3866	378
3867	357
3868	345
3869	377
3870	384
3871	372
3872	368
3873	370
3874	333
3875	364
3876	361
3877	334
3878	372
3879	335
3880	396
3881	405
3882	398
3883	384
3884	392
3885	399
3886	383
3887	365
3888	379
3889	395
3890	394
3891	375
3892	372
3893	369
3894	381
3895	360
3896	387
3897	350
3898	354
3899	343
3900	386
3901	406
3902	407
3903	382
3904	370
3905	367
3906	352
3907	388
3908	344
3909	382
3910	350
3911	391
3912	382
3913	365
3914	394
3915	357
3916	401
3917	392
3918	408
3919	372
3920	364
3921	359
3922	379
3923	370
3924	389
3925	355
3926	401
3927	361
3928	362
3929	401
3930	376
3931	372
3932	370
3933	371
3934	388
3935	377
3936	389
3937	391
3938	341
3939	374
3940	388
3941	337
3942	376
3943	359
3944	384
3945	381
3946	389
3947	353
3948	374
3949	383
3950	377
3951	344
3952	372
3953	390
3954	386
3955	374
3956	364
3957	381
3958	398
3959	364
3960	373
3961	386
3962	377
3963	387
3964	346
3965	350
3966	362
3967	376
3968	391
3969	364
3970	381
3971	353
3972	379
3973	371
3974	382
3975	350
3976	369
3977	373
3978	347
3979	405
3980	351
3981	398
3982	386
3983	381
3984	362
3985	372
3986	379
3987	370
3988	377
3989	370
3990	361
3991	371
3992	352
3993	389
3994	392
3995	371
3996	355
3997	397
3998	414
3999	348
4000	366
4001	407
4002	368
4003	367
4004	350
4005	378
4006	361
4007	376
4008	357
4009	371
4010	354
4011	365
4012	394
4013	389
4014	409
4015	402
4016	413
4017	344
4018	359
4019	411
4020	365
4021	365
4022	417
4023	379
4024	355
4025	383
4026	359
4027	365
4028	386
4029	389
4030	381
4031	378
4032	379
4033	383
4034	407
4035	387
4036	363
4037	391
4038	342
4039	398
4040	400
4041	354
4042	356
4043	360
4044	332
4045	350
4046	378
4047	373
4048	355
4049	369
4050	361
4051	387
4052	403
4053	388
4054	413
4055	345
4056	394
4057	392
4058	372
4059	390
4060	383
4061	404
4062	380
4063	381
4064	348
4065	380
4066	370
4067	377
4068	343
4069	377
4070	373
4071	356
4072	391
4073	373
4074	376
4075	359
4076	381
4077	362
4078	373
4079	386
4080	416
4081	411
4082	351
4083	380
4084	403
4085	407
4086	369
4087	347
4088	413
4089	354
4090	394
4091	406
4092	360
4093	385
4094	374
4095	389
4096	373
4097	371
4098	361
4099	369
4100	366
4101	398
4102	394
4103	390
4104	347
4105	379
4106	347
4107	370
4108	358
4109	378
4110	378
4111	384
4112	386
4113	383
4114	364
4115	403
4116	380
4117	416
4118	382
4119	396
4120	362
4121	379
4122	402
4123	375
4124	389
4125	333
4126	383
4127	316
4128	368
4129	362
4130	377
4131	396
4132	351
4133	382
4134	395
4135	354
4136	424
4137	406
4138	380
4139	375
4140	408
4141	370
4142	370
4143	361
4144	376
4145	347
4146	340
4147	391
4148	381
4149	372
4150	367
4151	392
4152	371
4153	377
4154	387
4155	355
4156	365
4157	364
4158	360
4159	379
4160	373
4161	389
4162	385
4163	339
4164	395
4165	398
4166	389
4167	351
4168	375
4169	346
4170	379
4171	390
4172	389
4173	371
4174	335
4175	397
4176	355
4177	351
4178	371
4179	333
4180	386
4181	393
4182	373
4183	414
4184	358
4185	330
4186	342
4187	354
4188	390
4189	351
4190	392
4191	371
4192	343
4193	373
4194	405
4195	369
4196	372
4197	366
4198	375
4199	341
4200	385
4201	365
4202	380
4203	326
4204	390
4205	364
4206	378
4207	346
4208	373
4209	403
4210	379
4211	359
4212	386
4213	391
4214	361
4215	394
4216	413
4217	378
4218	384
4219	391
4220	385
4221	333
4222	361
4223	375
4224	399
4225	367
4226	380
4227	350
4228	356
4229	379
4230	383
4231	367
4232	384
4233	375
4234	374
4235	404
4236	388
4237	391
4238	359
4239	403
4240	374
4241	369
4242	364
4243	368
4244	364
4245	392
4246	358
4247	368
4248	383
4249	353
4250	368
4251	361
4252	373
4253	366
4254	395
4255	347
4256	339
4257	385
4258	387
4259	361
4260	358
4261	357
4262	387
4263	369
4264	400
4265	392
4266	374
4267	355
4268	360
4269	369
4270	347
4271	408
4272	347
4273	363
4274	373
4275	398
4276	378
4277	356
4278	393
4279	356
4280	347
4281	398
4282	384
4283	352
4284	346
4285	397
4286	394
4287	354
4288	365
4289	374
4290	348
4291	367
4292	393
4293	355
4294	362
4295	347
4296	331
4297	361
4298	365
4299	360
4300	383
4301	351
4302	369
4303	369
4304	356
4305	374
4306	410
4307	366
4308	362
4309	364
4310	389
4311	405
4312	359
4313	392
4314	407
4315	377
4316	368
4317	382
4318	383
4319	375
4320	366
4321	358
4322	335
4323	391
4324	379
4325	395
4326	373
4327	392
4328	365
4329	382
4330	378
4331	378
4332	374
4333	395
4334	404
4335	389
4336	361
4337	374
4338	384
4339	357
4340	362
4341	425
4342	372
4343	351
4344	386
4345	396
4346	372
4347	390
4348	399
4349	361
4350	344
4351	369
4352	391
4353	355
4354	370
4355	344
4356	383
4357	396
4358	418
4359	348
4360	363
4361	369
4362	402
4363	386
4364	375
4365	380
4366	352
4367	340
4368	362
4369	410
4370	414
4371	400
4372	391
4373	373
4374	382
4375	360
4376	392
4377	373
4378	358
4379	388
4380	366
4381	412
4382	351
4383	343
4384	395
4385	368
4386	353
4387	371
4388	379
4389	379
4390	423
4391	330
4392	409
4393	393
4394	428
4395	377
4396	405
4397	370
4398	364
4399	362
4400	373
4401	385
4402	369
4403	364
4404	390
4405	377
4406	431
4407	394
4408	380
4409	384
4410	383
4411	360
4412	372
4413	366
4414	422
4415	369
4416	408
4417	389
4418	365
4419	376
4420	394
4421	363
4422	366
4423	347
4424	392
4425	383
4426	341
4427	404
4428	370
4429	395
4430	387
4431	371
4432	398
4433	392
4434	354
4435	362
4436	385
4437	419
4438	384
4439	392
4440	387
4441	391
4442	377
4443	369
4444	372
4445	382
4446	336
4447	373
4448	388
4449	364
4450	368
4451	359
4452	340
4453	363
4454	376
4455	411
4456	380
4457	392
4458	392
4459	394
4460	394
4461	406
4462	370
4463	381
4464	386
4465	380
4466	401
4467	405
4468	400
4469	393
4470	382
4471	410
4472	403
4473	386
4474	371
4475	409
4476	394
4477	412
4478	385
4479	413
4480	384
4481	391
4482	368
4483	393
4484	364
4485	366
4486	379
4487	357
4488	347
4489	419
4490	381
4491	358
4492	391
4493	371
4494	431
4495	380
4496	356
4497	397
4498	409
4499	386
4500	377
4501	359
4502	354
4503	371
4504	406
4505	363
4506	383
4507	413
4508	391
4509	418
4510	357
4511	408
4512	376
4513	390
4514	384
4515	408
4516	361
4517	404
4518	403
4519	383
4520	379
4521	370
4522	396
4523	383
4524	398
4525	355
4526	403
4527	361
4528	386
4529	427
4530	354
4531	383
4532	392
4533	433
4534	433
4535	393
4536	354
4537	360
4538	402
4539	405
4540	388
4541	372
4542	412
4543	367
4544	393
4545	384
4546	369
4547	372
4548	412
4549	374
4550	358
4551	394
4552	388
4553	388
4554	352
4555	387
4556	377
4557	390
4558	395
4559	348
4560	374
4561	372
4562	351
4563	379
4564	432
4565	391
4566	366
4567	400
4568	436
4569	369
4570	361
4571	393
4572	367
4573	369
4574	401
4575	428
4576	356
4577	391
4578	375
4579	387
4580	363
4581	436
4582	390
4583	380
4584	387
4585	405
4586	404
4587	441
4588	432
4589	421
4590	394
4591	423
4592	385
4593	405
4594	382
4595	400
4596	397
4597	388
4598	397
4599	386
4600	389
4601	404
4602	434
4603	399
4604	346
4605	385
4606	415
4607	411
4608	419
4609	427
4610	384
4611	400
4612	384
4613	401
4614	380
4615	385
4616	422
4617	392
4618	400
4619	371
4620	386
4621	379
4622	442
4623	417
4624	404
4625	396
4626	401
4627	382
4628	389
4629	404
4630	385
4631	371
4632	382
4633	384
4634	387
4635	435
4636	421
4637	422
4638	406
4639	439
4640	371
4641	429
4642	424
4643	380
4644	428
4645	409
4646	376
4647	400
4648	428
4649	427
4650	382
4651	414
4652	393
4653	406
4654	397
4655	421
4656	413
4657	380
4658	436
4659	432
4660	382
4661	427
4662	437
4663	378
4664	407
4665	413
4666	416
4667	414
4668	430
4669	377
4670	377
4671	391
4672	409
4673	409
4674	409
4675	454
4676	384
4677	378
4678	419
4679	377
4680	383
4681	427
4682	388
4683	407
4684	419
4685	391
4686	427
4687	391
4688	426
4689	391
4690	411
4691	376
4692	449
4693	395
4694	406
4695	410
4696	379
4697	424
4698	442
4699	373
4700	416
4701	419
4702	413
4703	390
4704	393
4705	404
4706	380
4707	408
4708	465
4709	379
4710	417
4711	425
4712	393
4713	413
4714	422
4715	434
4716	433
4717	426
4718	421
4719	388
4720	434
4721	408
4722	411
4723	424
4724	408
4725	456
4726	400
4727	421
4728	424
4729	443
4730	396
4731	419
4732	436
4733	456
4734	431
4735	403
4736	377
4737	425
4738	429
4739	409
4740	410
4741	434
4742	411
4743	422
4744	407
4745	417
4746	464
4747	399
4748	390
4749	414
4750	411
4751	413
4752	425
4753	441
4754	425
4755	433
4756	408
4757	414
4758	430
4759	438
4760	423
4761	390
4762	443
4763	440
4764	433
4765	441
4766	417
4767	421
4768	419
4769	409
4770	404
4771	432
4772	420
4773	433
4774	445
4775	436
4776	445
4777	403
4778	423
4779	401
4780	461
4781	456
4782	409
4783	430
4784	440
4785	436
4786	433
4787	430
4788	409
4789	424
4790	463
4791	445
4792	438
4793	415
4794	434
4795	433
4796	446
4797	449
4798	438
4799	452
4800	437
4801	448
4802	417
4803	424
4804	424
4805	465
4806	425
4807	431
4808	441
4809	449
4810	424
4811	427
4812	445
4813	424
4814	441
4815	434
4816	452
4817	415
4818	410
4819	436
4820	478
4821	435
4822	442
4823	438
4824	459
4825	465
4826	404
4827	446
4828	449
4829	455
4830	422
4831	449
4832	453
4833	444
4834	433
4835	425
4836	455
4837	472
4838	425
4839	464
4840	454
4841	445
4842	466
4843	423
4844	461
4845	430
4846	486
4847	443
4848	440
4849	475
4850	455
4851	446
4852	433
4853	467
4854	445
4855	443
4856	407
4857	463
4858	429
4859	446
4860	487
4861	430
4862	461
4863	444
4864	444
4865	436
4866	455
4867	470
4868	465
4869	450
4870	483
4871	389
4872	440
4873	481
4874	474
4875	486
4876	447
4877	493
4878	456
4879	433
4880	465
4881	472
4882	423
4883	480
4884	444
4885	427
4886	462
4887	479
4888	456
4889	468
4890	454
4891	488
4892	462
4893	473
4894	452
4895	439
4896	495
4897	469
4898	464
4899	512
4900	467
4901	443
4902	470
4903	455
4904	486
4905	464
4906	455
4907	447
4908	463
4909	478
4910	480
4911	451
4912	448
4913	481
4914	470
4915	470
4916	451
4917	457
4918	453
4919	514
4920	449
4921	473
4922	452
4923	513
4924	494
4925	489
4926	453
4927	499
4928	460
4929	430
4930	475
4931	491
4932	473
4933	495
4934	489
4935	489
4936	445
4937	461
4938	488
4939	468
4940	453
4941	446
4942	467
4943	477
4944	440
4945	463
4946	519
4947	511
4948	511
4949	500
4950	491
4951	489
4952	475
4953	501
4954	484
4955	477
4956	480
4957	439
4958	512
4959	472
4960	494
4961	463
4962	533
4963	479
4964	476
4965	505
4966	449
4967	466
4968	474
4969	503
4970	501
4971	458
4972	473
4973	504
4974	513
4975	478
4976	492
4977	517
4978	470
4979	497
4980	516
4981	500
4982	475
4983	468
4984	513
4985	485
4986	541
4987	482
4988	502
4989	481
4990	502
4991	480
4992	465
4993	487
4994	440
4995	475
4996	521
4997	528
4998	486
4999	505
5000	486
5001	494
5002	479
5003	520
5004	476
5005	493
5006	467
5007	484
5008	502
5009	523
5010	528
5011	520
5012	513
5013	542
5014	541
5015	542
5016	478
5017	484
5018	501
5019	500
5020	476
5021	534
5022	460
5023	501
5024	475
5025	518
5026	514
5027	496
5028	502
5029	494
5030	490
5031	491
5032	501
5033	515
5034	507
5035	501
5036	519
5037	514
5038	490
5039	534
5040	516
5041	465
5042	539
5043	488
5044	485
5045	508
5046	471
5047	514
5048	542
5049	495
5050	523
5051	508
5052	523
5053	497
5054	483
5055	505
5056	519
5057	469
5058	526
5059	531
5060	527
5061	559
5062	509
5063	530
5064	503
5065	519
5066	508
5067	522
5068	495
5069	526
5070	542
5071	523
5072	518
5073	537
5074	526
5075	514
5076	586
5077	483
5078	523
5079	551
5080	567
5081	556
5082	534
5083	571
5084	543
5085	581
5086	496
5087	554
5088	538
5089	579
5090	581
5091	576
5092	512
5093	502
5094	565
5095	502
5096	530
5097	526
5098	539
5099	540
5100	509
5101	525
5102	620
5103	526
5104	522
5105	537
5106	538
5107	575
5108	500
5109	524
5110	571
5111	524
5112	585
5113	557
5114	512
5115	563
5116	551
5117	525
5118	567
5119	573
5120	563
5121	557
5122	549
5123	545
5124	568
5125	559
5126	553
5127	504
5128	513
5129	559
5130	540
5131	518
5132	543
5133	559
5134	555
5135	490
5136	527
5137	536
5138	542
5139	540
5140	515
5141	541
5142	575
5143	573
5144	546
5145	535
5146	546
5147	546
5148	562
5149	561
5150	578
5151	544
5152	522
5153	614
5154	528
5155	532
5156	577
5157	591
5158	612
5159	586
5160	533
5161	569
5162	558
5163	556
5164	593
5165	524
5166	586
5167	593
5168	608
5169	570
5170	548
5171	567
5172	544
5173	578
5174	544
5175	543
5176	555
5177	530
5178	588
5179	571
5180	548
5181	617
5182	561
5183	560
5184	586
5185	552
5186	575
5187	536
5188	550
5189	499
5190	546
5191	540
5192	562
5193	563
5194	533
5195	585
5196	584
5197	495
5198	597
5199	530
5200	574
5201	522
5202	528
5203	567
5204	563
5205	556
5206	525
5207	570
5208	519
5209	537
5210	538
5211	507
5212	569
5213	545
5214	548
5215	482
5216	535
5217	514
5218	527
5219	530
5220	531
5221	552
5222	511
5223	498
5224	451
5225	537
5226	524
5227	530
5228	508
5229	499
5230	503
5231	506
5232	476
5233	476
5234	518
5235	442
5236	424
5237	484
5238	482
5239	450
5240	461
5241	485
5242	452
5243	441
5244	449
5245	441
5246	422
5247	423
5248	416
5249	422
5250	433
5251	426
5252	435
5253	411
5254	384
5255	414
5256	399
5257	376
5258	373
5259	417
5260	393
5261	410
5262	401
5263	406
5264	379
5265	372
5266	350
5267	414
5268	356
5269	358
5270	364
5271	357
5272	362
5273	357
5274	397
5275	370
5276	360
5277	374
5278	342
5279	369
5280	397
5281	348
5282	334
5283	376
5284	362
5285	305
5286	336
5287	357
5288	337
5289	366
5290	339
5291	336
5292	338
5293	318
5294	350
5295	341
5296	333
5297	366
5298	362
5299	365
5300	349
5301	343
5302	314
5303	328
5304	364
5305	331
5306	358
5307	317
5308	336
5309	295
5310	359
5311	350
5312	349
5313	317
5314	324
5315	336
5316	355
5317	391
5318	325
5319	347
5320	309
5321	328
5322	327
5323	337
5324	331
5325	348
5326	331
5327	334
5328	341
5329	334
5330	307
5331	323
5332	318
5333	330
5334	318
5335	325
5336	338
5337	358
5338	300
5339	314
5340	360
5341	356
5342	342
5343	334
5344	314
5345	350
5346	322
5347	312
5348	328
5349	342
5350	343
5351	331
5352	309
5353	378
5354	309
5355	335
5356	363
5357	319
5358	354
5359	332
5360	321
5361	337
5362	283
5363	338
5364	302
5365	334
5366	301
5367	315
5368	318
5369	363
5370	343
5371	332
5372	324
5373	342
5374	316
5375	303
5376	291
5377	352
5378	374
5379	346
5380	334
5381	356
5382	298
5383	357
5384	323
5385	364
5386	300
5387	316
5388	332
5389	338
5390	285
5391	320
5392	326
5393	344
5394	336
5395	316
5396	345
5397	328
5398	328
5399	333
5400	311
5401	312
5402	324
5403	303
5404	308
5405	304
5406	313
5407	320
5408	358
5409	337
5410	312
5411	295
5412	335
5413	312
5414	335
5415	337
5416	309
5417	317
5418	325
5419	325
5420	342
5421	319
5422	328
5423	326
5424	322
5425	344
5426	330
5427	323
5428	290
5429	300
5430	317
5431	316
5432	312
5433	301
5434	325
5435	345
5436	306
5437	330
5438	313
5439	296
5440	329
5441	350
5442	294
5443	328
5444	299
5445	363
5446	348
5447	310
5448	335
5449	324
5450	313
5451	331
5452	319
5453	335
5454	308
5455	310
5456	309
5457	331
5458	358
5459	341
5460	329
5461	300
5462	314
5463	321
5464	308
5465	370
5466	322
5467	331
5468	337
5469	306
5470	310
5471	323
5472	300
5473	342
5474	305
5475	322
5476	304
5477	318
5478	309
5479	326
5480	327
5481	298
5482	327
5483	298
5484	326
5485	347
5486	322
5487	301
5488	292
5489	329
5490	289
5491	302
5492	312
5493	315
5494	348
5495	315
5496	330
5497	316
5498	322
5499	332
5500	286
5501	304
5502	360
5503	288
5504	308
5505	320
5506	313
5507	330
5508	323
5509	292
5510	330
5511	336
5512	320
5513	318
5514	295
5515	292
5516	335
5517	317
5518	312
5519	337
5520	328
5521	289
5522	320
5523	295
5524	325
5525	316
5526	301
5527	324
5528	293
5529	268
5530	316
5531	303
5532	295
5533	333
5534	307
5535	317
5536	304
5537	289
5538	286
5539	304
5540	306
5541	299
5542	316
5543	303
5544	297
5545	309
5546	301
5547	307
5548	308
5549	304
5550	286
5551	338
5552	296
5553	308
5554	289
5555	324
5556	267
5557	297
5558	333
5559	319
5560	353
5561	299
5562	283
5563	343
5564	312
5565	299
5566	278
5567	319
5568	311
5569	312
5570	315
5571	300
5572	266
5573	299
5574	329
5575	311
5576	314
5577	273
5578	325
5579	301
5580	323
5581	309
5582	329
5583	312
5584	316
5585	309
5586	299
5587	309
5588	314
5589	342
5590	297
5591	301
5592	317
5593	300
5594	278
5595	318
5596	299
5597	318
5598	327
5599	328
5600	318
5601	281
5602	284
5603	317
5604	292
5605	333
5606	298
5607	312
5608	280
5609	292
5610	300
5611	291
5612	331
5613	332
5614	325
5615	298
5616	290
5617	279
5618	303
5619	304
5620	327
5621	321
5622	308
5623	311
5624	307
5625	308
5626	302
5627	305
5628	327
5629	308
5630	302
5631	303
5632	281
5633	313
5634	264
5635	303
5636	309
5637	314
5638	327
5639	287
5640	314
5641	288
5642	289
5643	323
5644	303
5645	281
5646	294
5647	328
5648	316
5649	310
5650	295
5651	305
5652	303
5653	287
5654	297
5655	327
5656	274
5657	311
5658	315
5659	323
5660	272
5661	301
5662	318
5663	284
5664	309
5665	294
5666	308
5667	294
5668	329
5669	320
5670	302
5671	296
5672	314
5673	294
5674	309
5675	292
5676	279
5677	282
5678	293
5679	318
5680	313
5681	291
5682	295
5683	330
5684	317
5685	289
5686	303
5687	359
5688	317
5689	315
5690	292
5691	286
5692	337
5693	320
5694	299
5695	302
5696	301
5697	300
5698	293
5699	298
5700	310
5701	320
5702	307
5703	329
5704	283
5705	322
5706	299
5707	326
5708	288
5709	305
5710	302
5711	294
5712	314
5713	284
5714	286
5715	322
5716	333
5717	316
5718	288
5719	324
5720	277
5721	315
5722	299
5723	312
5724	322
5725	283
5726	315
5727	308
5728	315
5729	297
5730	310
5731	327
5732	312
5733	302
5734	302
5735	284
5736	328
5737	300
5738	314
5739	298
5740	286
5741	268
5742	298
5743	304
5744	323
5745	335
5746	325
5747	331
5748	315
5749	316
5750	290
5751	293
5752	310
5753	290
5754	290
5755	309
5756	284
5757	307
5758	309
5759	312
5760	289
5761	310
5762	303
5763	297
5764	318
5765	294
5766	328
5767	294
5768	299
5769	284
5770	301
5771	315
5772	298
5773	317
5774	285
5775	296
5776	312
5777	297
5778	292
5779	332
5780	275
5781	287
5782	323
5783	342
5784	322
5785	301
5786	326
5787	299
5788	317
5789	320
5790	329
5791	306
5792	338
5793	327
5794	332
5795	310
5796	316
5797	322
5798	319
5799	345
5800	304
5801	293
5802	315
5803	309
5804	316
5805	295
5806	342
5807	305
5808	315
5809	300
5810	301
5811	315
5812	348
5813	306
5814	344
5815	344
5816	305
5817	311
5818	318
5819	306
5820	314
5821	312
5822	306
5823	316
5824	316
5825	349
5826	296
5827	311
5828	313
5829	330
5830	316
5831	328
5832	311
5833	328
5834	312
5835	294
5836	325
5837	303
5838	352
5839	321
5840	311
5841	336
5842	296
5843	338
5844	312
5845	328
5846	332
5847	330
5848	319
5849	276
5850	329
5851	323
5852	299
5853	323
5854	349
5855	355
5856	301
5857	289
5858	327
5859	308
5860	316
5861	323
5862	325
5863	345
5864	320
5865	311
5866	349
5867	307
5868	334
5869	345
5870	319
5871	307
5872	317
5873	332
5874	312
5875	314
5876	327
5877	325
5878	301
5879	307
5880	345
5881	310
5882	328
5883	298
5884	328
5885	305
5886	300
5887	340
5888	292
5889	327
5890	324
5891	353
5892	333
5893	322
5894	345
5895	318
5896	320
5897	332
5898	344
5899	307
5900	301
5901	365
5902	308
5903	321
5904	358
5905	328
5906	356
5907	366
5908	335
5909	334
5910	329
5911	335
5912	325
5913	327
5914	342
5915	331
5916	311
5917	336
5918	318
5919	353
5920	334
5921	363
5922	345
5923	318
5924	348
5925	373
5926	311
5927	359
5928	364
5929	352
5930	388
5931	310
5932	329
5933	326
5934	356
5935	330
5936	345
5937	346
5938	325
5939	339
5940	341
5941	358
5942	342
5943	357
5944	334
5945	353
5946	344
5947	357
5948	310
5949	327
5950	336
5951	350
5952	313
5953	339
5954	347
5955	354
5956	316
5957	337
5958	349
5959	330
5960	319
5961	339
5962	336
5963	337
5964	348
5965	336
5966	336
5967	359
5968	358
5969	349
5970	336
5971	305
5972	349
5973	378
5974	327
5975	316
5976	344
5977	319
5978	365
5979	357
5980	347
5981	327
5982	343
5983	334
5984	334
5985	331
5986	341
5987	342
5988	359
5989	348
5990	362
5991	353
5992	334
5993	336
5994	350
5995	323
5996	339
5997	357
5998	331
5999	389
6000	376
6001	356
6002	327
6003	360
6004	373
6005	362
6006	339
6007	344
6008	343
6009	319
6010	356
6011	330
6012	364
6013	356
6014	374
6015	380
6016	312
6017	326
6018	357
6019	334
6020	332
6021	366
6022	318
6023	358
6024	357
6025	320
6026	340
6027	348
6028	353
6029	343
6030	362
6031	335
6032	335
6033	366
6034	358
6035	298
6036	343
6037	337
6038	345
6039	342
6040	336
6041	336
6042	346
6043	317
6044	326
6045	324
6046	360
6047	336
6048	330
6049	344
6050	295
6051	327
6052	333
6053	354
6054	297
6055	332
6056	297
6057	306
6058	319
6059	333
6060	319
6061	331
6062	295
6063	319
6064	307
6065	299
6066	318
6067	313
6068	329
6069	284
6070	297
6071	299
6072	293
6073	299
6074	278
6075	281
6076	272
6077	289
6078	277
6079	257
6080	259
6081	227
6082	231
6083	254
6084	259
6085	247
6086	252
6087	227
6088	249
6089	220
6090	264
6091	221
6092	217
6093	237
6094	176
6095	212
6096	226
6097	215
6098	230
6099	191
6100	197
6101	198
6102	239
6103	200
6104	198
6105	195
6106	215
6107	184
6108	200
6109	187
6110	202
6111	203
6112	174
6113	187
6114	191
6115	193
6116	177
6117	180
6118	174
6119	189
6120	185
6121	170
6122	177
6123	185
6124	185
6125	155
6126	175
6127	179
6128	155
6129	179
6130	164
6131	185
6132	168
6133	167
6134	169
6135	148
6136	158
6137	157
6138	162
6139	143
6140	179
6141	155
6142	154
6143	177
6144	171
6145	174
6146	167
6147	147
6148	148
6149	166
6150	152
6151	169
6152	132
6153	167
6154	139
6155	126
6156	171
6157	150
6158	152
6159	163
6160	128
6161	155
6162	151
6163	171
6164	144
6165	149
6166	134
6167	160
6168	133
6169	142
6170	140
6171	162
6172	148
6173	134
6174	159
6175	136
6176	132
6177	141
6178	160
6179	149
6180	164
6181	155
6182	150
6183	131
6184	141
6185	145
6186	134
6187	153
6188	154
6189	146
6190	169
6191	126
6192	150
6193	129
6194	156
6195	132
6196	124
6197	140
6198	160
6199	137
6200	113
6201	145
6202	140
6203	134
6204	131
6205	135
6206	128
6207	153
6208	146
6209	155
6210	153
6211	122
6212	143
6213	141
6214	140
6215	166
6216	131
6217	131
6218	144
6219	140
6220	124
6221	137
6222	148
6223	131
6224	127
6225	145
6226	127
6227	114
6228	147
6229	126
6230	149
6231	139
6232	136
6233	153
6234	141
6235	116
6236	128
6237	153
6238	126
6239	134
6240	113
6241	135
6242	131
6243	118
6244	146
6245	133
6246	127
6247	120
6248	123
6249	129
6250	130
6251	132
6252	133
6253	121
6254	146
6255	130
6256	124
6257	129
6258	137
6259	93
6260	123
6261	129
6262	128
6263	137
6264	124
6265	126
6266	145
6267	124
6268	116
6269	109
6270	133
6271	130
6272	146
6273	121
6274	143
6275	105
6276	117
6277	125
6278	129
6279	135
6280	133
6281	106
6282	129
6283	132
6284	135
6285	119
6286	108
6287	138
6288	123
6289	124
6290	142
6291	118
6292	111
6293	127
6294	121
6295	116
6296	147
6297	145
6298	112
6299	115
6300	120
6301	120
6302	119
6303	129
6304	108
6305	117
6306	125
6307	125
6308	119
6309	117
6310	116
6311	130
6312	121
6313	121
6314	126
6315	124
6316	115
6317	124
6318	116
6319	103
6320	151
6321	116
6322	120
6323	128
6324	129
6325	135
6326	144
6327	113
6328	118
6329	150
6330	135
6331	131
6332	110
6333	107
6334	114
6335	126
6336	117
6337	118
6338	130
6339	126
6340	117
6341	109
6342	144
6343	118
6344	137
6345	130
6346	145
6347	139
6348	128
6349	149
6350	124
6351	165
6352	167
6353	140
6354	179
6355	174
6356	190
6357	211
6358	209
6359	208
6360	258
6361	298
6362	303
6363	408
6364	459
6365	590
6366	660
6367	851
6368	1017
6369	1297
6370	1541
6371	1880
6372	2341
6373	2691
6374	3134
6375	3518
6376	3961
6377	4202
6378	4446
6379	4528
6380	4368
6381	4142
6382	3907
6383	3525
6384	3001
6385	2524
6386	1930
6387	1574
6388	1107
6389	801
6390	547
6391	394
6392	288
6393	181
6394	148
6395	134
6396	103
6397	91
6398	94
6399	86
6400	84
6401	75
6402	83
6403	82
6404	84
6405	75
6406	97
6407	73
6408	62
6409	78
6410	74
6411	89
6412	82
6413	91
6414	81
6415	88
6416	66
6417	86
6418	80
6419	75
6420	68
6421	79
6422	63
6423	80
6424	78
6425	85
6426	71
6427	81
6428	71
6429	72
6430	86
6431	73
6432	78
6433	80
6434	86
6435	74
6436	77
6437	70
6438	84
6439	72
6440	83
6441	50
6442	85
6443	65
6444	87
6445	76
6446	81
6447	74
6448	73
6449	77
6450	72
6451	76
6452	67
6453	69
6454	76
6455	72
6456	55
6457	80
6458	55
6459	77
6460	67
6461	70
6462	78
6463	56
6464	64
6465	59
6466	59
6467	73
6468	64
6469	70
6470	56
6471	78
6472	64
6473	60
6474	67
6475	87
6476	62
6477	63
6478	66
6479	66
6480	54
6481	66
6482	71
6483	55
6484	58
6485	61
6486	70
6487	59
6488	63
6489	52
6490	79
6491	61
6492	56
6493	53
6494	52
6495	73
6496	56
6497	64
6498	58
6499	48
6500	58
6501	65
6502	58
6503	64
6504	59
6505	58
6506	68
6507	66
6508	53
6509	59
6510	52
6511	60
6512	61
6513	53
6514	46
6515	57
6516	52
6517	54
6518	47
6519	63
6520	55
6521	68
6522	51
6523	46
6524	66
6525	49
6526	54
6527	57
6528	58
6529	44
6530	68
6531	56
6532	52
6533	60
6534	63
6535	61
6536	61
6537	58
6538	47
6539	46
6540	61
6541	55
6542	47
6543	56
6544	63
6545	54
6546	41
6547	53
6548	56
6549	46
6550	53
6551	53
6552	54
6553	48
6554	43
6555	53
6556	59
6557	47
6558	56
6559	42
6560	45
6561	44
6562	43
6563	49
6564	50
6565	42
6566	49
6567	53
6568	47
6569	50
6570	47
6571	52
6572	35
6573	48
6574	54
6575	39
6576	52
6577	42
6578	34
6579	37
6580	46
6581	56
6582	51
6583	35
6584	35
6585	44
6586	39
6587	35
6588	32
6589	38
6590	37
6591	59
6592	51
6593	31
6594	51
6595	30
6596	51
6597	41
6598	41
6599	44
6600	38
6601	29
6602	41
6603	37
6604	37
6605	30
6606	30
6607	47
6608	49
6609	41
6610	38
6611	35
6612	43
6613	47
6614	45
6615	41
6616	40
6617	40
6618	26
6619	34
6620	43
6621	42
6622	36
6623	38
6624	42
6625	37
6626	36
6627	40
6628	33
6629	38
6630	33
6631	38
6632	39
6633	31
6634	31
6635	19
6636	45
6637	34
6638	38
6639	25
6640	30
6641	30
6642	32
6643	42
6644	36
6645	34
6646	38
6647	27
6648	45
6649	45
6650	36
6651	35
6652	30
6653	36
6654	30
6655	35
6656	33
6657	29
6658	42
6659	29
6660	38
6661	33
6662	23
6663	45
6664	33
6665	31
6666	36
6667	37
6668	33
6669	35
6670	25
6671	46
6672	36
6673	26
6674	31
6675	26
6676	21
6677	28
6678	19
6679	24
6680	25
6681	20
6682	29
6683	28
6684	26
6685	24
6686	28
6687	27
6688	32
6689	31
6690	27
6691	25
6692	27
6693	28
6694	27
6695	31
6696	39
6697	27
6698	23
6699	23
6700	34
6701	22
6702	25
6703	42
6704	29
6705	35
6706	25
6707	34
6708	32
6709	32
6710	24
6711	36
6712	23
6713	28
6714	24
6715	27
6716	26
6717	27
6718	25
6719	29
6720	30
6721	36
6722	27
6723	22
6724	26
6725	30
6726	23
6727	19
6728	21
6729	26
6730	26
6731	24
6732	27
6733	22
6734	24
6735	32
6736	17
6737	23
6738	27
6739	26
6740	22
6741	26
6742	30
6743	18
6744	28
6745	26
6746	27
6747	23
6748	17
6749	30
6750	18
6751	23
6752	17
6753	20
6754	29
6755	14
6756	18
6757	23
6758	23
6759	35
6760	28
6761	27
6762	30
6763	21
6764	22
6765	25
6766	25
6767	19
6768	21
6769	18
6770	16
6771	24
6772	18
6773	28
6774	31
6775	20
6776	19
6777	25
6778	28
6779	21
6780	22
6781	17
6782	19
6783	26
6784	21
6785	17
6786	17
6787	28
6788	26
6789	27
6790	18
6791	17
6792	22
6793	18
6794	19
6795	23
6796	14
6797	24
6798	20
6799	18
6800	14
6801	10
6802	16
6803	12
6804	17
6805	25
6806	20
6807	23
6808	21
6809	17
6810	12
6811	19
6812	20
6813	24
6814	18
6815	20
6816	22
6817	29
6818	20
6819	19
6820	29
6821	26
6822	20
6823	20
6824	21
6825	26
6826	19
6827	22
6828	22
6829	13
6830	19
6831	22
6832	23
6833	19
6834	26
6835	18
6836	18
6837	15
6838	30
6839	27
6840	24
6841	14
6842	19
6843	17
6844	18
6845	20
6846	17
6847	15
6848	10
6849	21
6850	21
6851	14
6852	24
6853	14
6854	22
6855	10
6856	23
6857	21
6858	20
6859	16
6860	16
6861	25
6862	19
6863	16
6864	21
6865	20
6866	26
6867	17
6868	27
6869	16
6870	21
6871	21
6872	17
6873	25
6874	21
6875	20
6876	17
6877	20
6878	22
6879	20
6880	23
6881	10
6882	18
6883	17
6884	17
6885	21
6886	9
6887	27
6888	15
6889	23
6890	18
6891	24
6892	23
6893	12
6894	19
6895	15
6896	18
6897	13
6898	27
6899	27
6900	29
6901	19
6902	24
6903	24
6904	13
6905	17
6906	9
6907	22
6908	24
6909	17
6910	14
6911	22
6912	26
6913	20
6914	22
6915	20
6916	14
6917	19
6918	25
6919	22
6920	20
6921	29
6922	16
6923	22
6924	12
6925	18
6926	15
6927	14
6928	20
6929	20
6930	15
6931	24
6932	21
6933	17
6934	31
6935	21
6936	20
6937	18
6938	18
6939	14
6940	16
6941	15
6942	19
6943	16
6944	16
6945	25
6946	8
6947	21
6948	20
6949	12
6950	21
6951	16
6952	18
6953	21
6954	11
6955	21
6956	20
6957	16
6958	12
6959	17
6960	21
6961	26
6962	20
6963	21
6964	12
6965	15
6966	22
6967	16
6968	19
6969	22
6970	22
6971	26
6972	20
6973	21
6974	23
6975	20
6976	23
6977	22
6978	20
6979	21
6980	20
6981	12
6982	23
6983	18
6984	9
6985	20
6986	18
6987	18
6988	16
6989	13
6990	16
6991	14
6992	19
6993	20
6994	18
6995	16
6996	15
6997	23
6998	20
6999	23
7000	23
7001	19
7002	22
7003	16
7004	16
7005	11
7006	20
7007	13
7008	18
7009	30
7010	20
7011	14
7012	22
7013	17
7014	22
7015	22
7016	22
7017	10
7018	16
7019	24
7020	21
7021	13
7022	20
7023	20
7024	18
7025	15
7026	13
7027	16
7028	15
7029	22
7030	28
7031	21
7032	17
7033	22
7034	18
7035	15
7036	19
7037	11
7038	9
7039	18
7040	24
7041	18
7042	21
7043	18
7044	12
7045	14
7046	19
7047	18
7048	15
7049	21
7050	13
7051	24
7052	10
7053	19
7054	16
7055	10
7056	11
7057	22
7058	24
7059	20
7060	17
7061	24
7062	9
7063	17
7064	17
7065	17
7066	13
7067	20
7068	14
7069	21
7070	27
7071	19
7072	18
7073	11
7074	24
7075	16
7076	14
7077	12
7078	23
7079	12
7080	16
7081	11
7082	15
7083	22
7084	19
7085	23
7086	14
7087	20
7088	8
7089	20
7090	17
7091	18
7092	23
7093	10
7094	12
7095	24
7096	19
7097	20
7098	23
7099	13
7100	15
7101	12
7102	20
7103	12
7104	16
7105	11
7106	13
7107	20
7108	14
7109	15
7110	21
7111	15
7112	13
7113	26
7114	18
7115	18
7116	23
7117	25
7118	18
7119	22
7120	10
7121	26
7122	14
7123	23
7124	17
7125	17
7126	19
7127	17
7128	19
7129	13
7130	21
7131	17
7132	16
7133	9
7134	13
7135	24
7136	20
7137	15
7138	17
7139	21
7140	19
7141	15
7142	19
7143	13
7144	11
7145	14
7146	16
7147	11
7148	11
7149	17
7150	24
7151	13
7152	21
7153	19
7154	17
7155	16
7156	18
7157	21
7158	11
7159	17
7160	22
7161	20
7162	22
7163	13
7164	35
7165	22
7166	20
7167	17
7168	19
7169	15
7170	20
7171	11
7172	25
7173	18
7174	13
7175	16
7176	23
7177	16
7178	18
7179	15
7180	32
7181	17
7182	11
7183	30
7184	29
7185	25
7186	24
7187	23
7188	25
7189	27
7190	23
7191	28
7192	17
7193	28
7194	16
7195	23
7196	24
7197	28
7198	26
7199	30
7200	23
7201	47
7202	34
7203	31
7204	34
7205	26
7206	38
7207	32
7208	36
7209	40
7210	41
7211	46
7212	54
7213	61
7214	65
7215	55
7216	82
7217	70
7218	85
7219	97
7220	99
7221	89
7222	139
7223	156
7224	202
7225	211
7226	293
7227	358
7228	457
7229	565
7230	675
7231	853
7232	1023
7233	1318
7234	1512
7235	1826
7236	2140
7237	2440
7238	2693
7239	2957
7240	3161
7241	3456
7242	3540
7243	3516
7244	3420
7245	3252
7246	2890
7247	2620
7248	2106
7249	1821
7250	1416
7251	1151
7252	783
7253	543
7254	414
7255	254
7256	172
7257	99
7258	58
7259	43
7260	14
7261	14
7262	5
7263	3
7264	2
7265	1
7266	2
7267	2
7268	3
7269	2
7270	0
7271	4
7272	2
7273	2
7274	1
7275	3
7276	2
7277	2
7278	0
7279	0
7280	2
7281	1
7282	0
7283	0
7284	0
7285	1
7286	0
7287	0
7288	0
7289	2
7290	3
7291	0
7292	2
7293	0
7294	1
7295	1
7296	1
7297	0
7298	1
7299	1
7300	0
7301	0
7302	0
7303	2
7304	1
7305	1
7306	0
7307	2
7308	0
7309	1
7310	2
7311	3
7312	3
7313	0
7314	0
7315	2
7316	5
7317	1
7318	0
7319	1
7320	0
7321	1
7322	2
7323	0
7324	2
7325	3
7326	0
7327	0
7328	1
7329	0
7330	0
7331	2
7332	2
7333	2
7334	0
7335	2
7336	3
7337	1
7338	0
7339	2
7340	0
7341	0
7342	0
7343	1
7344	1
7345	1
7346	4
7347	2
7348	0
7349	1
7350	1
7351	0
7352	0
7353	1
7354	1
7355	3
7356	2
7357	1
7358	1
7359	0
7360	1
7361	3
7362	1
7363	1
7364	1
7365	0
7366	1
7367	1
7368	2
7369	1
7370	0
7371	1
7372	1
7373	6
7374	1
7375	0
7376	0
7377	0
7378	0
7379	2
7380	0
7381	0
7382	0
7383	1
7384	1
7385	0
7386	1
7387	3
7388	1
7389	0
7390	0
7391	2
7392	3
7393	2
7394	2
7395	1
7396	0
7397	3
7398	1
7399	0
7400	2
7401	1
7402	1
7403	1
7404	2
7405	0
7406	1
7407	2
7408	0
7409	1
7410	1
7411	2
7412	1
7413	1
7414	0
7415	0
7416	1
7417	1
7418	0
7419	1
7420	1
7421	2
7422	0
7423	1
7424	1
7425	1
7426	3
7427	0
7428	0
7429	3
7430	0
7431	0
7432	2
7433	0
7434	0
7435	0
7436	0
7437	0
7438	1
7439	0
7440	1
7441	1
7442	1
7443	0
7444	2
7445	0
7446	0
7447	0
7448	2
7449	0
7450	0
7451	1
7452	1
7453	2
7454	0
7455	1
7456	2
7457	1
7458	0
7459	0
7460	2
7461	1
7462	1
7463	4
7464	2
7465	1
7466	0
7467	1
7468	2
7469	1
7470	1
7471	1
7472	1
7473	1
7474	1
7475	2
7476	3
7477	1
7478	0
7479	1
7480	1
7481	4
7482	1
7483	2
7484	1
7485	0
7486	1
7487	2
7488	0
7489	1
7490	0
7491	1
7492	0
7493	1
7494	2
7495	1
7496	0
7497	0
7498	2
7499	1
7500	0
7501	1
7502	0
7503	1
7504	1
7505	0
7506	4
7507	0
7508	2
7509	0
7510	0
7511	0
7512	0
7513	0
7514	0
7515	0
7516	0
7517	2
7518	1
7519	0
7520	1
7521	1
7522	0
7523	0
7524	1
7525	1
7526	0
7527	2
7528	0
7529	1
7530	0
7531	2
7532	1
7533	1
7534	2
7535	3
7536	1
7537	1
7538	5
7539	2
7540	0
7541	2
7542	0
7543	0
7544	1
7545	0
7546	2
7547	0
7548	0
7549	1
7550	0
7551	2
7552	0
7553	1
7554	2
7555	0
7556	1
7557	1
7558	0
7559	0
7560	0
7561	2
7562	0
7563	1
7564	1
7565	1
7566	0
7567	1
7568	0
7569	2
7570	0
7571	2
7572	1
7573	1
7574	0
7575	2
7576	0
7577	0
7578	0
7579	0
7580	0
7581	2
7582	0
7583	2
7584	0
7585	1
7586	1
7587	0
7588	0
7589	2
7590	1
7591	1
7592	0
7593	1
7594	1
7595	0
7596	0
7597	0
7598	1
7599	1
7600	0
7601	0
7602	2
7603	1
7604	2
7605	0
7606	0
7607	1
7608	0
7609	0
7610	1
7611	0
7612	2
7613	1
7614	1
7615	4
7616	2
7617	0
7618	1
7619	1
7620	0
7621	0
7622	1
7623	2
7624	0
7625	2
7626	3
7627	0
7628	1
7629	1
7630	0
7631	1
7632	0
7633	1
7634	0
7635	2
7636	0
7637	0
7638	2
7639	3
7640	0
7641	2
7642	0
7643	0
7644	1
7645	0
7646	0
7647	0
7648	2
7649	4
7650	0
7651	1
7652	0
7653	1
7654	0
7655	1
7656	0
7657	3
7658	2
7659	1
7660	1
7661	1
7662	0
7663	3
7664	1
7665	0
7666	0
7667	0
7668	0
7669	0
7670	1
7671	0
7672	0
7673	0
7674	0
7675	0
7676	1
7677	2
7678	0
7679	1
7680	0
7681	1
7682	0
7683	1
7684	0
7685	1
7686	0
7687	0
7688	1
7689	1
7690	1
7691	0
7692	1
7693	0
7694	2
7695	0
7696	1
7697	0
7698	0
7699	0
7700	1
7701	0
7702	1
7703	4
7704	0
7705	0
7706	0
7707	0
7708	0
7709	1
7710	0
7711	0
7712	0
7713	0
7714	1
7715	1
7716	1
7717	1
7718	1
7719	0
7720	0
7721	2
7722	0
7723	0
7724	1
7725	1
7726	0
7727	1
7728	0
7729	1
7730	0
7731	0
7732	1
7733	0
7734	2
7735	1
7736	2
7737	0
7738	1
7739	0
7740	0
7741	2
7742	3
7743	1
7744	1
7745	2
7746	0
7747	0
7748	0
7749	0
7750	1
7751	0
7752	1
7753	0
7754	0
7755	2
7756	2
7757	0
7758	2
7759	1
7760	2
7761	0
7762	1
7763	0
7764	1
7765	1
7766	0
7767	1
7768	0
7769	1
7770	0
7771	0
7772	0
7773	0
7774	0
7775	0
7776	1
7777	1
7778	0
7779	1
7780	1
7781	0
7782	0
7783	0
7784	2
7785	0
7786	0
7787	2
7788	0
7789	1
7790	0
7791	0
7792	1
7793	0
7794	0
7795	1
7796	1
7797	0
7798	0
7799	1
7800	1
7801	0
7802	0
7803	1
7804	1
7805	1
7806	0
7807	0
7808	1
7809	0
7810	0
7811	0
7812	0
7813	1
7814	0
7815	3
7816	1
7817	0
7818	0
7819	0
7820	2
7821	1
7822	1
7823	2
7824	1
7825	0
7826	1
7827	1
7828	0
7829	1
7830	0
7831	1
7832	2
7833	1
7834	1
7835	0
7836	0
7837	0
7838	0
7839	1
7840	0
7841	1
7842	2
7843	1
7844	1
7845	1
7846	0
7847	2
7848	0
7849	2
7850	0
7851	3
7852	0
7853	0
7854	0
7855	2
7856	0
7857	1
7858	0
7859	0
7860	1
7861	1
7862	1
7863	2
7864	1
7865	0
7866	0
7867	2
7868	0
7869	0
7870	2
7871	1
7872	0
7873	1
7874	1
7875	0
7876	2
7877	0
7878	1
7879	0
7880	0
7881	0
7882	0
7883	0
7884	1
7885	0
7886	0
7887	1
7888	1
7889	0
7890	0
7891	0
7892	0
7893	1
7894	0
7895	0
7896	0
7897	0
7898	1
7899	0
7900	1
7901	0
7902	1
7903	2
7904	1
7905	0
7906	3
7907	2
7908	0
7909	2
7910	1
7911	0
7912	0
7913	0
7914	0
7915	1
7916	2
7917	3
7918	0
7919	0
7920	0
7921	0
7922	1
7923	0
7924	0
7925	0
7926	0
7927	0
7928	1
7929	0
7930	0
7931	0
7932	0
7933	0
7934	0
7935	0
7936	0
7937	0
7938	0
7939	0
7940	0
7941	0
7942	1
7943	0
7944	0
7945	0
7946	0
7947	0
7948	0
7949	0
7950	0
7951	0
7952	0
7953	0
7954	0
7955	0
7956	0
7957	0
7958	0
7959	0
7960	0
7961	0
7962	0
7963	0
7964	0
7965	0
7966	0
7967	0
7968	1
7969	0
7970	0
7971	0
7972	0
7973	0
7974	0
7975	0
7976	0
7977	0
7978	0
7979	0
7980	0
7981	0
7982	0
7983	0
7984	0
7985	0
7986	0
7987	0
7988	0
7989	0
7990	0
7991	0
7992	0
7993	0
7994	0
7995	0
7996	0
7997	0
7998	0
7999	0
8000	0
8001	0
8002	0
8003	0
8004	0
8005	0
8006	0
8007	0
8008	0
8009	0
8010	0
8011	0
8012	0
8013	0
8014	0
8015	0
8016	0
8017	0
8018	0
8019	0
8020	0
8021	0
8022	0
8023	0
8024	0
8025	0
8026	0
8027	0
8028	0
8029	0
8030	0
8031	0
8032	0
8033	0
8034	0
8035	0
8036	0
8037	0
8038	0
8039	0
8040	0
8041	0
8042	0
8043	0
8044	0
8045	0
8046	0
8047	0
8048	0
8049	0
8050	0
8051	0
8052	0
8053	0
8054	0
8055	0
8056	0
8057	0
8058	0
8059	0
8060	0
8061	0
8062	0
8063	0
8064	0
8065	0
8066	0
8067	0
8068	0
8069	0
8070	0
8071	0
8072	0
8073	0
8074	0
8075	0
8076	0
8077	0
8078	0
8079	0
8080	0
8081	0
8082	0
8083	0
8084	0
8085	0
8086	0
8087	0
8088	0
8089	0
8090	0
8091	0
8092	0
8093	0
8094	0
8095	0
8096	0
8097	0
8098	0
8099	0
8100	0
8101	0
8102	0
8103	0
8104	0
8105	0
8106	0
8107	0
8108	0
8109	0
8110	0
8111	0
8112	0
8113	0
8114	0
8115	0
8116	0
8117	0
8118	0
8119	0
8120	0
8121	0
8122	0
8123	0
8124	0
8125	0
8126	0
8127	0
8128	0
8129	0
8130	0
8131	0
8132	0
8133	0
8134	0
8135	0
8136	0
8137	0
8138	0
8139	0
8140	0
8141	0
8142	0
8143	0
8144	0
8145	0
8146	0
8147	0
8148	0
8149	0
8150	0
8151	0
8152	0
8153	0
8154	0
8155	0
8156	0
8157	0
8158	0
8159	0
8160	0
8161	0
8162	0
8163	0
8164	0
8165	0
8166	0
8167	0
8168	0
8169	0
8170	0
8171	0
8172	0
8173	0
8174	0
8175	0
8176	0
8177	0
8178	0
8179	0
8180	0
8181	0
8182	0
8183	0
8184	0
8185	0
8186	0
8187	0
8188	0
8189	0
8190	0
8191	0
8192	0
